<scene subFile='aldea.xml' nav='nav_aldea.xml'>
	<moon x='0.624218' y='-0.774694' z='0.100997' />
	<obj>
		<name>txu_p007</name>
		<type>ENEMY</type>
		<transform>1 0 0 0 1 0 0 0 1 51.1382 1.19347 25.4967</transform>
		<model>
			<character>xu_farolillo</character>
		<visible>true</visible>
			<mat>
				<material_name>tech_skin</material_name>
				<diffuse>hardcoded/xu_farolillo_d</diffuse>
				<emissive>hardcoded/xu_farolillo_i</emissive>
				<normalmap>hardcoded/xu_farolillo_n</normalmap>
			</mat>
			<aabb>-0.581745 -0.00498399 0.507839 0.409982 1.52444 -0.800522</aabb>
		</model>
		<physics shape='CHARACTER' static='false' kinematic='false'/>
		<ai type='patroller' />
		<patrol_points>
			<waypoint pos_x="51.1382" pos_y="1.19347" pos_z="25.4967" />
			<waypoint pos_x="51.352" pos_y="1.19347" pos_z="21.3262" />
			<waypoint pos_x="49.7651" pos_y="1.19347" pos_z="21.7551" />
			<waypoint pos_x="50.2375" pos_y="1.19347" pos_z="31.6727" />
			<waypoint pos_x="51.333" pos_y="1.19347" pos_z="35.8755" />
			<waypoint pos_x="53.0914" pos_y="1.19347" pos_z="35.2751" />
			<waypoint pos_x="51.224" pos_y="1.19347" pos_z="28.07" />
			<waypoint pos_x="51.1811" pos_y="1.19347" pos_z="26.4402" />
		</patrol_points>
	</obj>
	<obj>
		<name>txu_p006</name>
		<type>ENEMY</type>
		<transform>1 0 0 0 1 0 0 0 1 48.8998 1.10738 8.2437</transform>
		<model>
			<character>xu_farolillo</character>
		<visible>true</visible>
			<mat>
				<material_name>tech_skin</material_name>
				<diffuse>hardcoded/xu_farolillo_d</diffuse>
				<emissive>hardcoded/xu_farolillo_i</emissive>
				<normalmap>hardcoded/xu_farolillo_n</normalmap>
			</mat>
			<aabb>-0.581745 -0.00498399 0.507839 0.409982 1.52444 -0.800522</aabb>
		</model>
		<physics shape='CHARACTER' static='false' kinematic='false'/>
		<ai type='patroller' />
		<patrol_points>
			<waypoint pos_x="48.8998" pos_y="1.10738" pos_z="8.2437" />
			<waypoint pos_x="48.1226" pos_y="1.10738" pos_z="3.86722" />
			<waypoint pos_x="45.1256" pos_y="1.10738" pos_z="3.95479" />
			<waypoint pos_x="43.2385" pos_y="1.10738" pos_z="6.14213" />
			<waypoint pos_x="45.1685" pos_y="1.10738" pos_z="15.7922" />
			<waypoint pos_x="46.498" pos_y="1.10738" pos_z="17.2075" />
			<waypoint pos_x="49.5861" pos_y="1.10738" pos_z="16.7357" />
			<waypoint pos_x="49.5861" pos_y="1.10738" pos_z="14.0766" />
			<waypoint pos_x="48.9856" pos_y="1.10738" pos_z="9.57326" />
		</patrol_points>
	</obj>
	<obj>
		<name>txu_p005</name>
		<type>ENEMY</type>
		<transform>1 0 0 0 1 0 0 0 1 40.0647 1.10738 7.77192</transform>
		<model>
			<character>xu</character>
		<visible>true</visible>
			<mat>
				<material_name>tech_skin</material_name>
				<diffuse>hardcoded/xu_d</diffuse>
				<normalmap>hardcoded/xu_n</normalmap>
			</mat>
			<aabb>-0.581745 -0.00498399 0.507839 0.409982 1.52444 -0.800522</aabb>
		</model>
		<physics shape='CHARACTER' static='false' kinematic='false'/>
		<ai type='patroller' />
		<patrol_points>
			<waypoint pos_x="40.0647" pos_y="1.10738" pos_z="7.77192" />
			<waypoint pos_x="39.7216" pos_y="1.10738" pos_z="5.92769" />
			<waypoint pos_x="38.1347" pos_y="1.10738" pos_z="6.35658" />
			<waypoint pos_x="39.164" pos_y="1.10738" pos_z="13.9479" />
			<waypoint pos_x="40.5794" pos_y="1.10738" pos_z="18.8373" />
			<waypoint pos_x="42.3378" pos_y="1.10738" pos_z="18.2369" />
			<waypoint pos_x="40.1505" pos_y="1.10738" pos_z="10.3453" />
			<waypoint pos_x="40.1076" pos_y="1.10738" pos_z="8.71548" />
		</patrol_points>
	</obj>
	<obj>
		<name>txu_p004</name>
		<type>ENEMY</type>
		<transform>1 0 0 0 1 0 0 0 1 -8.73451 2.59152 6.69773</transform>
		<model>
			<character>xu_farolillo</character>
		<visible>true</visible>
			<mat>
				<material_name>tech_skin</material_name>
				<diffuse>hardcoded/xu_farolillo_d</diffuse>
				<emissive>hardcoded/xu_farolillo_i</emissive>
				<normalmap>hardcoded/xu_farolillo_n</normalmap>
			</mat>
			<aabb>-0.581745 -0.00498399 0.507839 0.409982 1.52444 -0.800522</aabb>
		</model>
		<physics shape='CHARACTER' static='false' kinematic='false'/>
		<ai type='patroller' />
		<patrol_points>
			<waypoint pos_x="-8.73451" pos_y="2.59152" pos_z="6.69773" />
			<waypoint pos_x="-14.9534" pos_y="2.59152" pos_z="6.74062" />
			<waypoint pos_x="-17.5697" pos_y="2.59152" pos_z="9.74286" />
			<waypoint pos_x="-13.8375" pos_y="2.59152" pos_z="16.711" />
			<waypoint pos_x="-6.24694" pos_y="2.59152" pos_z="15.5329" />
			<waypoint pos_x="-5.00316" pos_y="2.59152" pos_z="9.48552" />
		</patrol_points>
	</obj>
	<obj>
		<name>txu_g012</name>
		<type>ENEMY</type>
		<transform>1 0 0 0 1 0 0 0 1 -10.0281 0.854061 -26.5482</transform>
		<model>
			<character>xu</character>
		<visible>true</visible>
			<mat>
				<material_name>tech_skin</material_name>
				<diffuse>hardcoded/xu_d</diffuse>
				<normalmap>hardcoded/xu_n</normalmap>
			</mat>
			<aabb>-0.581745 -0.00498399 0.507839 0.409982 1.52444 -0.800522</aabb>
		</model>
		<physics shape='CHARACTER' static='false' kinematic='false'/>
		<ai type='gatekeeper' />
		<gatekeep_points>
			<gk_pos pos_x="-10.0281" pos_y="0.854061" pos_z="-26.5482" />
			<lookAt pos_x="-9.84053" pos_y="0.854061" pos_z="-27.9718" />
		</gatekeep_points>
		<talk_to enemy="txu_g011"/>
	</obj>
	<obj>
		<name>txu_g011</name>
		<type>ENEMY</type>
		<transform>1 0 0 0 1 0 0 0 1 -8.48301 0.854061 -28.8478</transform>
		<model>
			<character>xu_shield</character>
		<visible>true</visible>
			<mat>
				<material_name>tech_skin</material_name>
				<diffuse>hardcoded/xu_escudo_d</diffuse>
				<normalmap>hardcoded/xu_escudo_n</normalmap>
			</mat>
			<aabb>-0.581745 -0.00498399 0.507839 0.409982 1.52444 -0.800522</aabb>
		</model>
		<physics shape='CHARACTER' static='false' kinematic='false'/>
		<ai type='gatekeeper' />
		<gatekeep_points>
			<gk_pos pos_x="-8.48301" pos_y="0.854061" pos_z="-28.8478" />
			<lookAt pos_x="-9.47034" pos_y="0.854061" pos_z="-27.8053" />
		</gatekeep_points>
		<talk_to enemy="txu_g012"/>
	</obj>
	<obj>
		<name>txu_g010</name>
		<type>ENEMY</type>
		<transform>1 0 0 0 1 0 0 0 1 -0.615977 2.87853 10.7017</transform>
		<model>
			<character>xu_shield</character>
		<visible>true</visible>
			<mat>
				<material_name>tech_skin</material_name>
				<diffuse>hardcoded/xu_escudo_d</diffuse>
				<normalmap>hardcoded/xu_escudo_n</normalmap>
			</mat>
			<aabb>-0.581745 -0.00498399 0.507839 0.409982 1.52444 -0.800522</aabb>
		</model>
		<physics shape='CHARACTER' static='false' kinematic='false'/>
		<ai type='gatekeeper' />
		<gatekeep_points>
			<gk_pos pos_x="-0.615977" pos_y="2.87853" pos_z="10.7017" />
			<lookAt pos_x="0.819513" pos_y="2.87853" pos_z="10.7339" />
		</gatekeep_points>
	</obj>
	<obj>
		<name>txu_g009</name>
		<type>ENEMY</type>
		<transform>1 0 0 0 1 0 0 0 1 0.371675 2.87853 14.4931</transform>
		<model>
			<character>xu_shield</character>
		<visible>true</visible>
			<mat>
				<material_name>tech_skin</material_name>
				<diffuse>hardcoded/xu_escudo_d</diffuse>
				<normalmap>hardcoded/xu_escudo_n</normalmap>
			</mat>
			<aabb>-0.581745 -0.00498399 0.507839 0.409982 1.52444 -0.800522</aabb>
		</model>
		<physics shape='CHARACTER' static='false' kinematic='false'/>
		<ai type='gatekeeper' />
		<gatekeep_points>
			<gk_pos pos_x="0.371675" pos_y="2.87853" pos_z="14.4931" />
			<lookAt pos_x="1.73161" pos_y="2.87853" pos_z="14.0324" />
		</gatekeep_points>
	</obj>
	<obj>
		<name>txu_g007</name>
		<type>ENEMY</type>
		<transform>1 0 0 0 1 0 0 0 1 19.0002 0.854061 -20.3722</transform>
		<model>
			<character>xu_farolillo</character>
		<visible>true</visible>
			<mat>
				<material_name>tech_skin</material_name>
				<diffuse>hardcoded/xu_farolillo_d</diffuse>
				<emissive>hardcoded/xu_farolillo_i</emissive>
				<normalmap>hardcoded/xu_farolillo_n</normalmap>
			</mat>
			<aabb>-0.581745 -0.00498399 0.507839 0.409982 1.52444 -0.800522</aabb>
		</model>
		<physics shape='CHARACTER' static='false' kinematic='false'/>
		<ai type='gatekeeper' />
		<gatekeep_points>
			<gk_pos pos_x="19.0002" pos_y="0.854061" pos_z="-20.3722" />
			<lookAt pos_x="18.5395" pos_y="0.854061" pos_z="-21.7321" />
		</gatekeep_points>
	</obj>
	<obj>
		<name>txu_g006</name>
		<type>ENEMY</type>
		<transform>1 0 0 0 1 0 0 0 1 2.9631 0.854061 -11.6904</transform>
		<model>
			<character>xu</character>
		<visible>true</visible>
			<mat>
				<material_name>tech_skin</material_name>
				<diffuse>hardcoded/xu_d</diffuse>
				<normalmap>hardcoded/xu_n</normalmap>
			</mat>
			<aabb>-0.581745 -0.00498399 0.507839 0.409982 1.52444 -0.800522</aabb>
		</model>
		<physics shape='CHARACTER' static='false' kinematic='false'/>
		<ai type='gatekeeper' />
		<gatekeep_points>
			<gk_pos pos_x="2.9631" pos_y="0.854061" pos_z="-11.6904" />
			<lookAt pos_x="3.6886" pos_y="0.854061" pos_z="-12.9294" />
		</gatekeep_points>
		<talk_to enemy="txu_g003"/>
	</obj>
	<obj>
		<name>txu_g003</name>
		<type>ENEMY</type>
		<transform>1 0 0 0 1 0 0 0 1 6.42276 0.854061 -12.1904</transform>
		<model>
			<character>xu_shield</character>
		<visible>true</visible>
			<mat>
				<material_name>tech_skin</material_name>
				<diffuse>hardcoded/xu_escudo_d</diffuse>
				<normalmap>hardcoded/xu_escudo_n</normalmap>
			</mat>
			<aabb>-0.581745 -0.00498399 0.507839 0.409982 1.52444 -0.800522</aabb>
		</model>
		<physics shape='CHARACTER' static='false' kinematic='false'/>
		<ai type='gatekeeper' />
		<gatekeep_points>
			<gk_pos pos_x="6.42276" pos_y="0.854061" pos_z="-12.1904" />
			<lookAt pos_x="4.98993" pos_y="0.854061" pos_z="-12.0974" />
		</gatekeep_points>
		<talk_to enemy="txu_g006"/>
	</obj>
	<obj>
		<name>txu_g002</name>
		<type>ENEMY</type>
		<transform>1 0 0 0 1 0 0 0 1 -0.0532387 0.854061 -24.0806</transform>
		<model>
			<character>xu</character>
		<visible>true</visible>
			<mat>
				<material_name>tech_skin</material_name>
				<diffuse>hardcoded/xu_d</diffuse>
				<normalmap>hardcoded/xu_n</normalmap>
			</mat>
			<aabb>-0.581745 -0.00498399 0.507839 0.409982 1.52444 -0.800522</aabb>
		</model>
		<physics shape='CHARACTER' static='false' kinematic='false'/>
		<ai type='gatekeeper' />
		<gatekeep_points>
			<gk_pos pos_x="-0.0532387" pos_y="0.854061" pos_z="-24.0806" />
			<lookAt pos_x="-1.37595" pos_y="0.854061" pos_z="-23.5219" />
		</gatekeep_points>
	</obj>
	<obj>
		<name>txu_g001</name>
		<type>ENEMY</type>
		<transform>1 0 0 0 1 0 0 0 1 -16.3265 0.854061 -12.4024</transform>
		<model>
			<character>xu_shield</character>
		<visible>true</visible>
			<mat>
				<material_name>tech_skin</material_name>
				<diffuse>hardcoded/xu_escudo_d</diffuse>
				<normalmap>hardcoded/xu_escudo_n</normalmap>
			</mat>
			<aabb>-0.581745 -0.00498399 0.507839 0.409982 1.52444 -0.800522</aabb>
		</model>
		<physics shape='CHARACTER' static='false' kinematic='false'/>
		<ai type='gatekeeper' />
		<gatekeep_points>
			<gk_pos pos_x="-16.3265" pos_y="0.854061" pos_z="-12.4024" />
			<lookAt pos_x="-17.7346" pos_y="0.854061" pos_z="-12.6834" />
		</gatekeep_points>
	</obj>
	<obj>
		<name>Omni141</name>
		<type>LIGHT</type>
		<transform>0.173648 0.0 0.984808 0.0 1.0 0.0 -0.984808 0.0 0.173648 39.7667 3.95118 12.2922</transform>
		<light>
			<light_type>POINT</light_type>
			<light_color>(color 255 164 98)</light_color>
			<light_radius>3.0</light_radius>
		</light>
	</obj>
	<obj>
		<name>Omni140</name>
		<type>LIGHT</type>
		<transform>0.173648 0.0 0.984808 0.0 1.0 0.0 -0.984808 0.0 0.173648 38.8095 3.95118 7.19624</transform>
		<light>
			<light_type>POINT</light_type>
			<light_color>(color 255 164 98)</light_color>
			<light_radius>3.0</light_radius>
		</light>
	</obj>
	<obj>
		<name>Omni137</name>
		<type>LIGHT</type>
		<transform>0.173648 0.0 0.984808 0.0 1.0 0.0 -0.984808 0.0 0.173648 -35.4875 -1.26291 -40.9726</transform>
		<light>
			<light_type>POINT</light_type>
			<light_color>(color 255 164 98)</light_color>
			<light_radius>3.0</light_radius>
		</light>
	</obj>
	<obj>
		<name>Omni136</name>
		<type>LIGHT</type>
		<transform>0.173648 0.0 0.984808 0.0 1.0 0.0 -0.984808 0.0 0.173648 -37.9447 -1.26291 -38.2581</transform>
		<light>
			<light_type>POINT</light_type>
			<light_color>(color 255 164 98)</light_color>
			<light_radius>3.0</light_radius>
		</light>
	</obj>
	<obj>
		<name>Omni135</name>
		<type>LIGHT</type>
		<transform>0.173648 0.0 0.984808 0.0 1.0 0.0 -0.984808 0.0 0.173648 -1.19452 2.48885 6.22605</transform>
		<light>
			<light_type>POINT</light_type>
			<light_color>(color 255 164 98)</light_color>
			<light_radius>3.0</light_radius>
		</light>
	</obj>
	<obj>
		<name>Omni134</name>
		<type>LIGHT</type>
		<transform>0.173648 0.0 0.984808 0.0 1.0 0.0 -0.984808 0.0 0.173648 29.3562 1.25685 41.8478</transform>
		<light>
			<light_type>POINT</light_type>
			<light_color>(color 255 164 98)</light_color>
			<light_radius>3.0</light_radius>
		</light>
	</obj>
	<obj>
		<name>Omni133</name>
		<type>LIGHT</type>
		<transform>0.173648 0.0 0.984808 0.0 1.0 0.0 -0.984808 0.0 0.173648 30.2329 1.25685 46.1556</transform>
		<light>
			<light_type>POINT</light_type>
			<light_color>(color 255 164 98)</light_color>
			<light_radius>3.0</light_radius>
		</light>
	</obj>
	<obj>
		<name>Omni132</name>
		<type>LIGHT</type>
		<transform>0.173648 0.0 0.984808 0.0 1.0 0.0 -0.984808 0.0 0.173648 -28.113 3.47042 6.19123</transform>
		<light>
			<light_type>POINT</light_type>
			<light_color>(color 255 164 98)</light_color>
			<light_radius>3.0</light_radius>
		</light>
	</obj>
	<obj>
		<name>Omni129</name>
		<type>LIGHT</type>
		<transform>0.173648 0.0 0.984808 0.0 1.0 0.0 -0.984808 0.0 0.173648 -12.7242 0.981428 -21.8724</transform>
		<light>
			<light_type>POINT</light_type>
			<light_color>(color 255 164 98)</light_color>
			<light_radius>3.0</light_radius>
		</light>
	</obj>
	<obj>
		<name>Omni128</name>
		<type>LIGHT</type>
		<transform>0.173648 0.0 0.984808 0.0 1.0 0.0 -0.984808 0.0 0.173648 -15.5667 0.981428 -11.0183</transform>
		<light>
			<light_type>POINT</light_type>
			<light_color>(color 255 164 98)</light_color>
			<light_radius>3.0</light_radius>
		</light>
	</obj>
	<obj>
		<name>Omni127</name>
		<type>LIGHT</type>
		<transform>0.173648 0.0 0.984808 0.0 1.0 0.0 -0.984808 0.0 0.173648 -15.997 0.981428 -14.122</transform>
		<light>
			<light_type>POINT</light_type>
			<light_color>(color 255 164 98)</light_color>
			<light_radius>3.0</light_radius>
		</light>
	</obj>
	<obj>
		<name>Omni114</name>
		<type>LIGHT</type>
		<transform>0.173648 0.0 0.984808 0.0 1.0 0.0 -0.984808 0.0 0.173648 -47.1864 -2.34318 -55.6636</transform>
		<light>
			<light_type>POINT</light_type>
			<light_color>(color 255 164 98)</light_color>
			<light_radius>3.0</light_radius>
		</light>
	</obj>
	<obj>
		<name>Omni113</name>
		<type>LIGHT</type>
		<transform>0.173648 0.0 0.984808 0.0 1.0 0.0 -0.984808 0.0 0.173648 50.1381 0.471036 10.8475</transform>
		<light>
			<light_type>POINT</light_type>
			<light_color>(color 255 164 98)</light_color>
			<light_radius>3.0</light_radius>
		</light>
	</obj>
	<obj>
		<name>Omni112</name>
		<type>LIGHT</type>
		<transform>0.173648 0.0 0.984808 0.0 1.0 0.0 -0.984808 0.0 0.173648 53.1448 0.471036 5.19251</transform>
		<light>
			<light_type>POINT</light_type>
			<light_color>(color 255 164 98)</light_color>
			<light_radius>3.0</light_radius>
		</light>
	</obj>
	<obj>
		<name>Omni111</name>
		<type>LIGHT</type>
		<transform>-0.173648 0.0 -0.984808 0.0 1.0 0.0 0.984808 0.0 -0.173648 45.1963 1.87907 0.765722</transform>
		<light>
			<light_type>POINT</light_type>
			<light_color>(color 255 164 98)</light_color>
			<light_radius>3.0</light_radius>
		</light>
	</obj>
	<obj>
		<name>Omni110</name>
		<type>LIGHT</type>
		<transform>0.173648 0.0 0.984808 0.0 1.0 0.0 -0.984808 0.0 0.173648 40.3763 1.27034 -1.82461</transform>
		<light>
			<light_type>POINT</light_type>
			<light_color>(color 255 164 98)</light_color>
			<light_radius>3.0</light_radius>
		</light>
	</obj>
	<obj>
		<name>Omni109</name>
		<type>LIGHT</type>
		<transform>0.173648 0.0 0.984808 0.0 1.0 0.0 -0.984808 0.0 0.173648 45.2461 0.471036 5.8799</transform>
		<light>
			<light_type>POINT</light_type>
			<light_color>(color 255 164 98)</light_color>
			<light_radius>3.0</light_radius>
		</light>
	</obj>
	<obj>
		<name>Omni104</name>
		<type>LIGHT</type>
		<transform>0.173648 0.0 0.984808 0.0 1.0 0.0 -0.984808 0.0 0.173648 46.6478 3.65531 17.3682</transform>
		<light>
			<light_type>POINT</light_type>
			<light_color>(color 255 164 98)</light_color>
			<light_radius>3.0</light_radius>
		</light>
	</obj>
	<obj>
		<name>Omni103</name>
		<type>LIGHT</type>
		<transform>0.173648 0.0 0.984808 0.0 1.0 0.0 -0.984808 0.0 0.173648 41.5714 3.65531 18.2633</transform>
		<light>
			<light_type>POINT</light_type>
			<light_color>(color 255 164 98)</light_color>
			<light_radius>3.0</light_radius>
		</light>
	</obj>
	<obj>
		<name>Omni100</name>
		<type>LIGHT</type>
		<transform>0.173648 0.0 0.984808 0.0 1.0 0.0 -0.984808 0.0 0.173648 43.2374 3.29216 6.49109</transform>
		<light>
			<light_type>POINT</light_type>
			<light_color>(color 255 164 98)</light_color>
			<light_radius>3.0</light_radius>
		</light>
	</obj>
	<obj>
		<name>Omni099</name>
		<type>LIGHT</type>
		<transform>0.173648 0.0 0.984808 0.0 1.0 0.0 -0.984808 0.0 0.173648 49.2452 3.59629 10.615</transform>
		<light>
			<light_type>POINT</light_type>
			<light_color>(color 255 164 98)</light_color>
			<light_radius>3.0</light_radius>
		</light>
	</obj>
	<obj>
		<name>Omni098</name>
		<type>LIGHT</type>
		<transform>0.173648 0.0 0.984808 0.0 1.0 0.0 -0.984808 0.0 0.173648 48.3535 3.59629 5.55787</transform>
		<light>
			<light_type>POINT</light_type>
			<light_color>(color 255 164 98)</light_color>
			<light_radius>3.0</light_radius>
		</light>
	</obj>
	<obj>
		<name>Omni092</name>
		<type>LIGHT</type>
		<transform>0.173648 0.0 0.984808 0.0 1.0 0.0 -0.984808 0.0 0.173648 9.82988 1.08733 -24.368</transform>
		<light>
			<light_type>POINT</light_type>
			<light_color>(color 255 164 98)</light_color>
			<light_radius>3.0</light_radius>
		</light>
	</obj>
	<obj>
		<name>Omni091</name>
		<type>LIGHT</type>
		<transform>0.173648 0.0 0.984808 0.0 1.0 0.0 -0.984808 0.0 0.173648 12.1806 1.08733 -24.9979</transform>
		<light>
			<light_type>POINT</light_type>
			<light_color>(color 255 164 98)</light_color>
			<light_radius>3.0</light_radius>
		</light>
	</obj>
	<obj>
		<name>Omni084</name>
		<type>LIGHT</type>
		<transform>0.173648 0.0 0.984808 0.0 1.0 0.0 -0.984808 0.0 0.173648 -8.35283 0.975201 -15.7954</transform>
		<light>
			<light_type>POINT</light_type>
			<light_color>(color 255 164 98)</light_color>
			<light_radius>3.0</light_radius>
		</light>
	</obj>
	<obj>
		<name>Omni083</name>
		<type>LIGHT</type>
		<transform>0.173648 0.0 0.984808 0.0 1.0 0.0 -0.984808 0.0 0.173648 -12.5889 0.981428 -27.033</transform>
		<light>
			<light_type>POINT</light_type>
			<light_color>(color 255 164 98)</light_color>
			<light_radius>3.0</light_radius>
		</light>
	</obj>
	<obj>
		<name>Omni078</name>
		<type>LIGHT</type>
		<transform>0.173648 0.0 0.984808 0.0 1.0 0.0 -0.984808 0.0 0.173648 57.086 1.25685 42.9363</transform>
		<light>
			<light_type>POINT</light_type>
			<light_color>(color 255 164 98)</light_color>
			<light_radius>3.0</light_radius>
		</light>
	</obj>
	<obj>
		<name>Omni077</name>
		<type>LIGHT</type>
		<transform>0.173648 0.0 0.984808 0.0 1.0 0.0 -0.984808 0.0 0.173648 54.373 1.25685 33.9331</transform>
		<light>
			<light_type>POINT</light_type>
			<light_color>(color 255 164 98)</light_color>
			<light_radius>3.0</light_radius>
		</light>
	</obj>
	<obj>
		<name>Omni072</name>
		<type>LIGHT</type>
		<transform>0.173648 0.0 0.984808 0.0 1.0 0.0 -0.984808 0.0 0.173648 49.0672 1.25685 35.938</transform>
		<light>
			<light_type>POINT</light_type>
			<light_color>(color 255 164 98)</light_color>
			<light_radius>3.0</light_radius>
		</light>
	</obj>
	<obj>
		<name>Omni071</name>
		<type>LIGHT</type>
		<transform>0.173648 0.0 0.984808 0.0 1.0 0.0 -0.984808 0.0 0.173648 47.9852 1.25685 29.8018</transform>
		<light>
			<light_type>POINT</light_type>
			<light_color>(color 255 164 98)</light_color>
			<light_radius>3.0</light_radius>
		</light>
	</obj>
	<obj>
		<name>Omni045</name>
		<type>LIGHT</type>
		<transform>0.173648 0.0 0.984808 0.0 1.0 0.0 -0.984808 0.0 0.173648 43.6865 1.43442 47.1712</transform>
		<light>
			<light_type>POINT</light_type>
			<light_color>(color 255 164 98)</light_color>
			<light_radius>3.0</light_radius>
		</light>
	</obj>
	<obj>
		<name>Omni029</name>
		<type>LIGHT</type>
		<transform>0.173648 0.0 0.984808 0.0 1.0 0.0 -0.984808 0.0 0.173648 -12.2892 0.981428 -33.5594</transform>
		<light>
			<light_type>POINT</light_type>
			<light_color>(color 255 164 98)</light_color>
			<light_radius>3.0</light_radius>
		</light>
	</obj>
	<obj>
		<name>Omni028</name>
		<type>LIGHT</type>
		<transform>0.173648 0.0 0.984808 0.0 1.0 0.0 -0.984808 0.0 0.173648 -18.5196 0.981428 -28.1492</transform>
		<light>
			<light_type>POINT</light_type>
			<light_color>(color 255 164 98)</light_color>
			<light_radius>3.0</light_radius>
		</light>
	</obj>
	<obj>
		<name>Omni027</name>
		<type>LIGHT</type>
		<transform>0.173648 0.0 0.984808 0.0 1.0 0.0 -0.984808 0.0 0.173648 -7.85473 0.981428 -29.2971</transform>
		<light>
			<light_type>POINT</light_type>
			<light_color>(color 255 164 98)</light_color>
			<light_radius>3.0</light_radius>
		</light>
	</obj>
	<obj>
		<name>Omni026</name>
		<type>LIGHT</type>
		<transform>0.173648 0.0 0.984808 0.0 1.0 0.0 -0.984808 0.0 0.173648 -16.8938 0.981428 -37.4172</transform>
		<light>
			<light_type>POINT</light_type>
			<light_color>(color 255 164 98)</light_color>
			<light_radius>3.0</light_radius>
		</light>
	</obj>
	<obj>
		<name>Omni025</name>
		<type>LIGHT</type>
		<transform>0.173648 0.0 0.984808 0.0 1.0 0.0 -0.984808 0.0 0.173648 13.6259 1.13196 2.75385</transform>
		<light>
			<light_type>POINT</light_type>
			<light_color>(color 255 164 98)</light_color>
			<light_radius>3.0</light_radius>
		</light>
	</obj>
	<obj>
		<name>Omni024</name>
		<type>LIGHT</type>
		<transform>0.173648 0.0 0.984808 0.0 1.0 0.0 -0.984808 0.0 0.173648 13.9505 1.13196 5.16303</transform>
		<light>
			<light_type>POINT</light_type>
			<light_color>(color 255 164 98)</light_color>
			<light_radius>3.0</light_radius>
		</light>
	</obj>
	<obj>
		<name>Omni023</name>
		<type>LIGHT</type>
		<transform>0.173648 0.0 0.984808 0.0 1.0 0.0 -0.984808 0.0 0.173648 8.60533 1.13196 -14.8504</transform>
		<light>
			<light_type>POINT</light_type>
			<light_color>(color 255 164 98)</light_color>
			<light_radius>3.0</light_radius>
		</light>
	</obj>
	<obj>
		<name>Omni022</name>
		<type>LIGHT</type>
		<transform>0.173648 0.0 0.984808 0.0 1.0 0.0 -0.984808 0.0 0.173648 9.25044 1.13196 -11.1918</transform>
		<light>
			<light_type>POINT</light_type>
			<light_color>(color 255 164 98)</light_color>
			<light_radius>3.0</light_radius>
		</light>
	</obj>
	<obj>
		<name>Omni020</name>
		<type>LIGHT</type>
		<transform>0.173648 0.0 0.984808 0.0 1.0 0.0 -0.984808 0.0 0.173648 0.716144 1.13196 -12.9379</transform>
		<light>
			<light_type>POINT</light_type>
			<light_color>(color 255 164 98)</light_color>
			<light_radius>3.0</light_radius>
		</light>
	</obj>
	<obj>
		<name>Omni019</name>
		<type>LIGHT</type>
		<transform>0.173648 0.0 0.984808 0.0 1.0 0.0 -0.984808 0.0 0.173648 1.14389 1.13196 -10.5121</transform>
		<light>
			<light_type>POINT</light_type>
			<light_color>(color 255 164 98)</light_color>
			<light_radius>3.0</light_radius>
		</light>
	</obj>
	<obj>
		<name>Omni016</name>
		<type>LIGHT</type>
		<transform>0.173648 0.0 0.984808 0.0 1.0 0.0 -0.984808 0.0 0.173648 -0.8614 3.51578 11.3843</transform>
		<light>
			<light_type>POINT</light_type>
			<light_color>(color 255 164 98)</light_color>
			<light_radius>3.0</light_radius>
		</light>
	</obj>
	<obj>
		<name>Omni015</name>
		<type>LIGHT</type>
		<transform>0.173648 0.0 0.984808 0.0 1.0 0.0 -0.984808 0.0 0.173648 -0.463395 3.51578 13.6415</transform>
		<light>
			<light_type>POINT</light_type>
			<light_color>(color 255 164 98)</light_color>
			<light_radius>3.0</light_radius>
		</light>
	</obj>
	<obj>
		<name>Omni014</name>
		<type>LIGHT</type>
		<transform>0.173648 0.0 0.984808 0.0 1.0 0.0 -0.984808 0.0 0.173648 -8.43853 3.51578 21.8843</transform>
		<light>
			<light_type>POINT</light_type>
			<light_color>(color 255 164 98)</light_color>
			<light_radius>3.0</light_radius>
		</light>
	</obj>
	<obj>
		<name>Omni011</name>
		<type>LIGHT</type>
		<transform>0.173648 0.0 0.984808 0.0 1.0 0.0 -0.984808 0.0 0.173648 -9.1913 3.47042 4.26915</transform>
		<light>
			<light_type>POINT</light_type>
			<light_color>(color 255 164 98)</light_color>
			<light_radius>3.0</light_radius>
		</light>
	</obj>
	<obj>
		<name>Omni010</name>
		<type>LIGHT</type>
		<transform>0.173648 0.0 0.984808 0.0 1.0 0.0 -0.984808 0.0 0.173648 -15.387 3.47042 5.36161</transform>
		<light>
			<light_type>POINT</light_type>
			<light_color>(color 255 164 98)</light_color>
			<light_radius>3.0</light_radius>
		</light>
	</obj>
	<obj>
		<name>Omni009</name>
		<type>LIGHT</type>
		<transform>0.173648 0.0 0.984808 0.0 1.0 0.0 -0.984808 0.0 0.173648 -19.6247 2.11565 -15.7245</transform>
		<light>
			<light_type>POINT</light_type>
			<light_color>(color 255 164 98)</light_color>
			<light_radius>3.0</light_radius>
		</light>
	</obj>
	<obj>
		<name>Omni008</name>
		<type>LIGHT</type>
		<transform>0.173648 0.0 0.984808 0.0 1.0 0.0 -0.984808 0.0 0.173648 -27.9641 0.96096 -29.841</transform>
		<light>
			<light_type>POINT</light_type>
			<light_color>(color 255 164 98)</light_color>
			<light_radius>3.0</light_radius>
		</light>
	</obj>
	<obj>
		<name>Omni007</name>
		<type>LIGHT</type>
		<transform>0.173648 0.0 0.984808 0.0 1.0 0.0 -0.984808 0.0 0.173648 -26.5516 0.981428 -31.7137</transform>
		<light>
			<light_type>POINT</light_type>
			<light_color>(color 255 164 98)</light_color>
			<light_radius>3.0</light_radius>
		</light>
	</obj>
	<obj>
		<name>Omni004</name>
		<type>LIGHT</type>
		<transform>0.173648 0.0 0.984808 0.0 1.0 0.0 -0.984808 0.0 0.173648 -48.121 -1.39795 -46.672</transform>
		<light>
			<light_type>POINT</light_type>
			<light_color>(color 255 164 98)</light_color>
			<light_radius>3.0</light_radius>
		</light>
	</obj>
	<obj>
		<name>Omni003</name>
		<type>LIGHT</type>
		<transform>0.173648 0.0 0.984808 0.0 1.0 0.0 -0.984808 0.0 0.173648 -45.4197 -1.39795 -49.726</transform>
		<light>
			<light_type>POINT</light_type>
			<light_color>(color 255 164 98)</light_color>
			<light_radius>3.0</light_radius>
		</light>
	</obj>
	<obj>
		<name>molino</name>
		<type>ANIMATED</type>
		<transform>-0.573576 0.0 0.819152 0.0 1.0 0.0 -0.819152 0.0 -0.573576 -43.5449 -1.80957 -32.747</transform>
		<model>
			<visible>true</visible>
			<character>animesh_molino</character>
			<mat>
				<material_name>tech_skin</material_name>
				<diffuse>hardcoded/molino_d</diffuse>
			</mat>
			<aabb>-0.581745 -0.00498399 0.507839 0.409982 1.52444 -0.800522</aabb>
		</model>
	</obj>
	<obj>
		<name>banderas015</name>
		<type>ANIMATED</type>
		<transform>-0.173648 0.0 -0.984808 0.0 1.0 0.0 0.984808 1.19209e-007 -0.173648 58.3354 1.43488 40.7768</transform>
		<model>
			<visible>true</visible>
			<character>animesh_banderas_1</character>
			<mat>
				<material_name>tech_skin</material_name>
				<diffuse>hardcoded/flags_animesh</diffuse>
			</mat>
			<aabb>-0.581745 -0.00498399 0.507839 0.409982 1.52444 -0.800522</aabb>
		</model>
	</obj>
	<obj>
		<name>banderas014</name>
		<type>ANIMATED</type>
		<transform>-0.173648 0.0 -0.984808 0.0 1.0 0.0 0.984808 1.19209e-007 -0.173648 49.7734 1.60762 34.1471</transform>
		<model>
			<visible>true</visible>
			<character>animesh_banderas_1</character>
			<mat>
				<material_name>tech_skin</material_name>
				<diffuse>hardcoded/flags_animesh</diffuse>
			</mat>
			<aabb>-0.581745 -0.00498399 0.507839 0.409982 1.52444 -0.800522</aabb>
		</model>
	</obj>
	<obj>
		<name>banderas013</name>
		<type>ANIMATED</type>
		<transform>-0.173648 0.0 -0.984808 0.0 1.0 0.0 0.984808 1.19209e-007 -0.173648 49.2057 1.60762 30.9274</transform>
		<model>
			<visible>true</visible>
			<character>animesh_banderas_1</character>
			<mat>
				<material_name>tech_skin</material_name>
				<diffuse>hardcoded/flags_animesh</diffuse>
			</mat>
			<aabb>-0.581745 -0.00498399 0.507839 0.409982 1.52444 -0.800522</aabb>
		</model>
	</obj>
	<obj>
		<name>banderas012</name>
		<type>ANIMATED</type>
		<transform>-0.984808 0.0 0.173648 0.0 1.0 0.0 -0.173648 1.19209e-007 -0.984808 42.8099 2.09807 20.3891</transform>
		<model>
			<visible>true</visible>
			<character>animesh_banderas_1</character>
			<mat>
				<material_name>tech_skin</material_name>
				<diffuse>hardcoded/flags_animesh</diffuse>
			</mat>
			<aabb>-0.581745 -0.00498399 0.507839 0.409982 1.52444 -0.800522</aabb>
		</model>
	</obj>
	<obj>
		<name>banderas011</name>
		<type>ANIMATED</type>
		<transform>0.173648 0.0 0.984808 0.0 1.0 0.0 -0.984808 1.19209e-007 0.173648 53.0626 2.16308 9.52734</transform>
		<model>
			<visible>true</visible>
			<character>animesh_banderas_1</character>
			<mat>
				<material_name>tech_skin</material_name>
				<diffuse>hardcoded/flags_animesh</diffuse>
			</mat>
			<aabb>-0.581745 -0.00498399 0.507839 0.409982 1.52444 -0.800522</aabb>
		</model>
	</obj>
	<obj>
		<name>banderas010</name>
		<type>ANIMATED</type>
		<transform>0.984808 0.0 -0.173648 0.0 1.0 0.0 0.173648 1.19209e-007 0.984808 41.8352 2.02552 0.307211</transform>
		<model>
			<visible>true</visible>
			<character>animesh_banderas_1</character>
			<mat>
				<material_name>tech_skin</material_name>
				<diffuse>hardcoded/flags_animesh</diffuse>
			</mat>
			<aabb>-0.581745 -0.00498399 0.507839 0.409982 1.52444 -0.800522</aabb>
		</model>
	</obj>
	<obj>
		<name>banderas009</name>
		<type>ANIMATED</type>
		<transform>0.984808 0.0 -0.173648 0.0 1.0 0.0 0.173648 1.19209e-007 0.984808 25.6056 1.77096 10.0559</transform>
		<model>
			<visible>true</visible>
			<character>animesh_banderas_1</character>
			<mat>
				<material_name>tech_skin</material_name>
				<diffuse>hardcoded/flags_animesh</diffuse>
			</mat>
			<aabb>-0.581745 -0.00498399 0.507839 0.409982 1.52444 -0.800522</aabb>
		</model>
	</obj>
	<obj>
		<name>banderas008</name>
		<type>ANIMATED</type>
		<transform>-0.0871558 0.0 -0.996195 0.0 1.0 0.0 0.996195 1.19209e-007 -0.0871558 22.094 2.44665 -14.5539</transform>
		<model>
			<visible>true</visible>
			<character>animesh_banderas_1</character>
			<mat>
				<material_name>tech_skin</material_name>
				<diffuse>hardcoded/flags_animesh</diffuse>
			</mat>
			<aabb>-0.581745 -0.00498399 0.507839 0.409982 1.52444 -0.800522</aabb>
		</model>
	</obj>
	<obj>
		<name>banderas007</name>
		<type>ANIMATED</type>
		<transform>-0.258819 0.0 -0.965926 0.0 1.0 0.0 0.965926 1.19209e-007 -0.258819 22.1092 2.06509 -30.9859</transform>
		<model>
			<visible>true</visible>
			<character>animesh_banderas_1</character>
			<mat>
				<material_name>tech_skin</material_name>
				<diffuse>hardcoded/flags_animesh</diffuse>
			</mat>
			<aabb>-0.581745 -0.00498399 0.507839 0.409982 1.52444 -0.800522</aabb>
		</model>
	</obj>
	<obj>
		<name>banderas006</name>
		<type>ANIMATED</type>
		<transform>-0.965926 0.0 0.258819 0.0 1.0 0.0 -0.258819 1.19209e-007 -0.965926 1.78042 2.09263 -26.6154</transform>
		<model>
			<visible>true</visible>
			<character>animesh_banderas_1</character>
			<mat>
				<material_name>tech_skin</material_name>
				<diffuse>hardcoded/flags_animesh</diffuse>
			</mat>
			<aabb>-0.581745 -0.00498399 0.507839 0.409982 1.52444 -0.800522</aabb>
		</model>
	</obj>
	<obj>
		<name>banderas005</name>
		<type>ANIMATED</type>
		<transform>-0.965926 0.0 0.258819 0.0 1.0 0.0 -0.258819 1.19209e-007 -0.965926 10.5616 2.09263 -28.9683</transform>
		<model>
			<visible>true</visible>
			<character>animesh_banderas_1</character>
			<mat>
				<material_name>tech_skin</material_name>
				<diffuse>hardcoded/flags_animesh</diffuse>
			</mat>
			<aabb>-0.581745 -0.00498399 0.507839 0.409982 1.52444 -0.800522</aabb>
		</model>
	</obj>
	<obj>
		<name>banderas004</name>
		<type>ANIMATED</type>
		<transform>-0.642788 0.0 0.766045 0.0 1.0 0.0 -0.766045 1.19209e-007 -0.642788 -18.8791 1.80153 -35.1452</transform>
		<model>
			<visible>true</visible>
			<character>animesh_banderas_1</character>
			<mat>
				<material_name>tech_skin</material_name>
				<diffuse>hardcoded/flags_animesh</diffuse>
			</mat>
			<aabb>-0.581745 -0.00498399 0.507839 0.409982 1.52444 -0.800522</aabb>
		</model>
	</obj>
	<obj>
		<name>banderas003</name>
		<type>ANIMATED</type>
		<transform>-0.707107 0.0 -0.707107 0.0 1.0 0.0 0.707107 1.19209e-007 -0.707107 -6.29531 2.13986 -29.0497</transform>
		<model>
			<visible>true</visible>
			<character>animesh_banderas_1</character>
			<mat>
				<material_name>tech_skin</material_name>
				<diffuse>hardcoded/flags_animesh</diffuse>
			</mat>
			<aabb>-0.581745 -0.00498399 0.507839 0.409982 1.52444 -0.800522</aabb>
		</model>
	</obj>
	<obj>
		<name>banderas002</name>
		<type>ANIMATED</type>
		<transform>-0.707107 0.0 -0.707107 0.0 1.0 0.0 0.707107 1.19209e-007 -0.707107 -12.6197 2.13986 -35.3741</transform>
		<model>
			<visible>true</visible>
			<character>animesh_banderas_1</character>
			<mat>
				<material_name>tech_skin</material_name>
				<diffuse>hardcoded/flags_animesh</diffuse>
			</mat>
			<aabb>-0.581745 -0.00498399 0.507839 0.409982 1.52444 -0.800522</aabb>
		</model>
	</obj>
	<obj>
		<name>banderas001</name>
		<type>ANIMATED</type>
		<transform>-0.766044 0.0 -0.642788 0.0 1.0 0.0 0.642788 1.19209e-007 -0.766044 -30.8527 1.38307 -18.9553</transform>
		<model>
			<visible>true</visible>
			<character>animesh_banderas_1</character>
			<mat>
				<material_name>tech_skin</material_name>
				<diffuse>hardcoded/flags_animesh</diffuse>
			</mat>
			<aabb>-0.581745 -0.00498399 0.507839 0.409982 1.52444 -0.800522</aabb>
		</model>
	</obj>
	<obj>
		<name>banderas</name>
		<type>ANIMATED</type>
		<transform>-0.766044 0.0 -0.642788 0.0 1.0 0.0 0.642788 1.19209e-007 -0.766044 -52.7898 -0.926264 -47.8486</transform>
		<model>
			<visible>true</visible>
			<character>animesh_banderas_1</character>
			<mat>
				<material_name>tech_skin</material_name>
				<diffuse>hardcoded/flags_animesh</diffuse>
			</mat>
			<aabb>-0.581745 -0.00498399 0.507839 0.409982 1.52444 -0.800522</aabb>
		</model>
	</obj>
	<obj>
		<name>farolillo009</name>
		<type>ANIMATED</type>
		<transform>-0.173648 0.0 -0.984808 0.0 1.0 0.0 0.984808 0.0 -0.173648 29.7644 4.64704 43.9605</transform>
		<model>
			<visible>true</visible>
			<character>animesh_farolillos_1</character>
			<mat>
				<material_name>tech_skin</material_name>
				<diffuse>hardcoded/farol_d_animesh1</diffuse>
				<emissive>hardcoded/farol_d_animesh1</emissive>
			</mat>
			<aabb>-0.581745 -0.00498399 0.507839 0.409982 1.52444 -0.800522</aabb>
		</model>
	</obj>
	<obj>
		<name>farolillo007</name>
		<type>ANIMATED</type>
		<transform>-0.984808 0.0 0.173648 0.0 1.0 0.0 -0.173648 0.0 -0.984808 54.6828 3.86929 46.2593</transform>
		<model>
			<visible>true</visible>
			<character>animesh_farolillos_1</character>
			<mat>
				<material_name>tech_skin</material_name>
				<diffuse>hardcoded/farol_d_animesh1</diffuse>
				<emissive>hardcoded/farol_d_animesh1</emissive>
			</mat>
			<aabb>-0.581745 -0.00498399 0.507839 0.409982 1.52444 -0.800522</aabb>
		</model>
	</obj>
	<obj>
		<name>farolillo006</name>
		<type>ANIMATED</type>
		<transform>-0.984808 0.0 0.173648 0.0 1.0 0.0 -0.173648 0.0 -0.984808 33.6124 4.08721 7.32919</transform>
		<model>
			<visible>true</visible>
			<character>animesh_farolillos_1</character>
			<mat>
				<material_name>tech_skin</material_name>
				<diffuse>hardcoded/farol_d_animesh1</diffuse>
				<emissive>hardcoded/farol_d_animesh1</emissive>
			</mat>
			<aabb>-0.581745 -0.00498399 0.507839 0.409982 1.52444 -0.800522</aabb>
		</model>
	</obj>
	<obj>
		<name>farolillo005</name>
		<type>ANIMATED</type>
		<transform>-0.996195 0.0 0.0871556 0.0 1.0 0.0 -0.0871556 0.0 -0.996195 4.17495 4.81269 -6.87832</transform>
		<model>
			<visible>true</visible>
			<character>animesh_farolillos_1</character>
			<mat>
				<material_name>tech_skin</material_name>
				<diffuse>hardcoded/farol_d_animesh1</diffuse>
				<emissive>hardcoded/farol_d_animesh1</emissive>
			</mat>
			<aabb>-0.581745 -0.00498399 0.507839 0.409982 1.52444 -0.800522</aabb>
		</model>
	</obj>
	<obj>
		<name>farolillo004</name>
		<type>ANIMATED</type>
		<transform>0.258819 0.0 0.965926 0.0 1.0 0.0 -0.965926 0.0 0.258819 -2.22495 6.49306 -16.8826</transform>
		<model>
			<visible>true</visible>
			<character>animesh_farolillos_1</character>
			<mat>
				<material_name>tech_skin</material_name>
				<diffuse>hardcoded/farol_d_animesh1</diffuse>
				<emissive>hardcoded/farol_d_animesh1</emissive>
			</mat>
			<aabb>-0.581745 -0.00498399 0.507839 0.409982 1.52444 -0.800522</aabb>
		</model>
	</obj>
	<obj>
		<name>farolillo003</name>
		<type>ANIMATED</type>
		<transform>0.707107 0.0 0.707107 0.0 1.0 0.0 -0.707107 0.0 0.707107 -7.29059 4.83731 -34.1817</transform>
		<model>
			<visible>true</visible>
			<character>animesh_farolillos_1</character>
			<mat>
				<material_name>tech_skin</material_name>
				<diffuse>hardcoded/farol_d_animesh1</diffuse>
				<emissive>hardcoded/farol_d_animesh1</emissive>
			</mat>
			<aabb>-0.581745 -0.00498399 0.507839 0.409982 1.52444 -0.800522</aabb>
		</model>
	</obj>
	<obj>
		<name>farolillo002</name>
		<type>ANIMATED</type>
		<transform>0.707107 0.0 0.707107 0.0 1.0 0.0 -0.707107 0.0 0.707107 -4.88646 5.29583 -28.9951</transform>
		<model>
			<visible>true</visible>
			<character>animesh_farolillos_1</character>
			<mat>
				<material_name>tech_skin</material_name>
				<diffuse>hardcoded/farol_d_animesh1</diffuse>
				<emissive>hardcoded/farol_d_animesh1</emissive>
			</mat>
			<aabb>-0.581745 -0.00498399 0.507839 0.409982 1.52444 -0.800522</aabb>
		</model>
	</obj>
	<obj>
		<name>farolillo001</name>
		<type>ANIMATED</type>
		<transform>0.707107 0.0 0.707107 0.0 1.0 0.0 -0.707107 0.0 0.707107 -12.8332 5.42962 -36.9418</transform>
		<model>
			<visible>true</visible>
			<character>animesh_farolillos_1</character>
			<mat>
				<material_name>tech_skin</material_name>
				<diffuse>hardcoded/farol_d_animesh1</diffuse>
				<emissive>hardcoded/farol_d_animesh1</emissive>
			</mat>
			<aabb>-0.581745 -0.00498399 0.507839 0.409982 1.52444 -0.800522</aabb>
		</model>
	</obj>
	<obj>
		<name>farolillos2_005</name>
		<type>ANIMATED</type>
		<transform>-0.272592 -0.0846374 -0.9584 -0.00307137 0.996195 -0.0871015 0.962125 -0.0207996 -0.271814 14.2495 2.50282 9.1235</transform>
		<model>
			<visible>true</visible>
			<character>animesh_farolillos_2</character>
			<mat>
				<material_name>tech_skin</material_name>
				<diffuse>hardcoded/farol_d_animesh2</diffuse>
				<emissive>hardcoded/farol_d_animesh2</emissive>
			</mat>
			<aabb>-0.581745 -0.00498399 0.507839 0.409982 1.52444 -0.800522</aabb>
		</model>
	</obj>
	<obj>
		<name>farolillos2_004</name>
		<type>ANIMATED</type>
		<transform>-0.786803 -0.216339 0.578047 -0.174345 0.976318 0.128087 -0.592068 0.0 -0.805888 -25.7661 4.21444 -17.7237</transform>
		<model>
			<visible>true</visible>
			<character>animesh_farolillos_2</character>
			<mat>
				<material_name>tech_skin</material_name>
				<diffuse>hardcoded/farol_d_animesh2</diffuse>
				<emissive>hardcoded/farol_d_animesh2</emissive>
			</mat>
			<aabb>-0.581745 -0.00498399 0.507839 0.409982 1.52444 -0.800522</aabb>
		</model>
	</obj>
	<obj>
		<name>farolillos2_003</name>
		<type>ANIMATED</type>
		<transform>-0.403653 0.0 -0.914912 0.0 1.0 0.0 0.914912 0.0 -0.403653 6.35952 4.40705 -12.3599</transform>
		<model>
			<visible>true</visible>
			<character>animesh_farolillos_2</character>
			<mat>
				<material_name>tech_skin</material_name>
				<diffuse>hardcoded/farol_d_animesh2</diffuse>
				<emissive>hardcoded/farol_d_animesh2</emissive>
			</mat>
