<scene subFile='patio.xml' nav='nav_patio.xml'>
	<moon x='0.61304' y='-0.774694' z='0.155017' />
	<obj>
		<name>txu_p002</name>
		<type>ENEMY</type>
		<transform>1 0 0 0 1 0 0 0 1 -5.21447 3.81867 16.1723</transform>
		<model>
			<character>xu_farolillo</character>
		<visible>true</visible>
			<mat>
				<material_name>tech_skin</material_name>
				<diffuse>hardcoded/xu_farolillo_d</diffuse>
				<emissive>hardcoded/xu_farolillo_i</emissive>
				<normalmap>hardcoded/xu_farolillo_n</normalmap>
			</mat>
			<aabb>-0.581745 -0.00498399 0.507839 0.409982 1.52444 -0.800522</aabb>
		</model>
		<physics shape='CHARACTER' static='false' kinematic='false'/>
		<ai type='patroller' />
		<patrol_points>
			<waypoint pos_x="-5.21447" pos_y="3.81867" pos_z="16.1723" />
			<waypoint pos_x="-8.26907" pos_y="3.81867" pos_z="15.3877" />
			<waypoint pos_x="-7.08043" pos_y="3.81867" pos_z="17.8262" />
			<waypoint pos_x="41.8014" pos_y="5.30659" pos_z="30.7875" />
			<waypoint pos_x="41.9157" pos_y="5.30659" pos_z="29.5011" />
			<waypoint pos_x="18.6986" pos_y="3.81867" pos_z="23.1301" />
			<waypoint pos_x="11.4184" pos_y="3.81867" pos_z="21.5624" />
		</patrol_points>
	</obj>
	<obj>
		<name>txu_p001</name>
		<type>ENEMY</type>
		<transform>1 0 0 0 1 0 0 0 1 7.25419 3.81867 -26.9396</transform>
		<model>
			<character>xu_shield</character>
		<visible>true</visible>
			<mat>
				<material_name>tech_skin</material_name>
				<diffuse>hardcoded/xu_escudo_d</diffuse>
				<normalmap>hardcoded/xu_escudo_n</normalmap>
			</mat>
			<aabb>-0.581745 -0.00498399 0.507839 0.409982 1.52444 -0.800522</aabb>
		</model>
		<physics shape='CHARACTER' static='false' kinematic='false'/>
		<ai type='patroller' />
		<patrol_points>
			<waypoint pos_x="7.25419" pos_y="3.81867" pos_z="-26.9396" />
			<waypoint pos_x="1.56684" pos_y="3.81867" pos_z="-27.4378" />
			<waypoint pos_x="2.46955" pos_y="3.81867" pos_z="-25.7303" />
			<waypoint pos_x="19.2847" pos_y="3.81867" pos_z="-21.6927" />
			<waypoint pos_x="19.399" pos_y="3.81867" pos_z="-22.9792" />
			<waypoint pos_x="15.8071" pos_y="3.81867" pos_z="-24.5613" />
			<waypoint pos_x="8.52702" pos_y="3.81867" pos_z="-26.6445" />
		</patrol_points>
	</obj>
	<obj>
		<name>txu_g008</name>
		<type>ENEMY</type>
		<transform>1 0 0 0 1 0 0 0 1 36.4222 2.60775 1.14643</transform>
		<model>
			<character>xu</character>
		<visible>true</visible>
			<mat>
				<material_name>tech_skin</material_name>
				<diffuse>hardcoded/xu_d</diffuse>
				<normalmap>hardcoded/xu_n</normalmap>
			</mat>
			<aabb>-0.581745 -0.00498399 0.507839 0.409982 1.52444 -0.800522</aabb>
		</model>
		<physics shape='CHARACTER' static='false' kinematic='false'/>
		<ai type='gatekeeper' />
		<gatekeep_points>
			<gk_pos pos_x="36.4222" pos_y="2.60775" pos_z="1.14643" />
			<lookAt pos_x="36.3581" pos_y="2.60775" pos_z="2.58084" />
		</gatekeep_points>
		<talk_to enemy="txu_g007"/>
	</obj>
	<obj>
		<name>txu_g007</name>
		<type>ENEMY</type>
		<transform>1 0 0 0 1 0 0 0 1 36.0346 2.60775 5.20379</transform>
		<model>
			<character>xu_shield</character>
		<visible>true</visible>
			<mat>
				<material_name>tech_skin</material_name>
				<diffuse>hardcoded/xu_escudo_d</diffuse>
				<normalmap>hardcoded/xu_escudo_n</normalmap>
			</mat>
			<aabb>-0.581745 -0.00498399 0.507839 0.409982 1.52444 -0.800522</aabb>
		</model>
		<physics shape='CHARACTER' static='false' kinematic='false'/>
		<ai type='gatekeeper' />
		<gatekeep_points>
			<gk_pos pos_x="36.0346" pos_y="2.60775" pos_z="5.20379" />
			<lookAt pos_x="36.2236" pos_y="2.60775" pos_z="3.78043" />
		</gatekeep_points>
		<talk_to enemy="txu_g008"/>
	</obj>
	<obj>
		<name>txu_g006</name>
		<type>ENEMY</type>
		<transform>1 0 0 0 1 0 0 0 1 22.6869 3.18864 -12.0093</transform>
		<model>
			<character>xu_shield</character>
		<visible>true</visible>
			<mat>
				<material_name>tech_skin</material_name>
				<diffuse>hardcoded/xu_escudo_d</diffuse>
				<normalmap>hardcoded/xu_escudo_n</normalmap>
			</mat>
			<aabb>-0.581745 -0.00498399 0.507839 0.409982 1.52444 -0.800522</aabb>
		</model>
		<physics shape='CHARACTER' static='false' kinematic='false'/>
		<ai type='gatekeeper' />
		<gatekeep_points>
			<gk_pos pos_x="22.6869" pos_y="3.18864" pos_z="-12.0093" />
			<lookAt pos_x="23.7658" pos_y="3.18864" pos_z="-11.0619" />
		</gatekeep_points>
	</obj>
	<obj>
		<name>txu_g005</name>
		<type>ENEMY</type>
		<transform>1 0 0 0 1 0 0 0 1 9.49909 3.18864 -0.145368</transform>
		<model>
			<character>xu_shield</character>
		<visible>true</visible>
			<mat>
				<material_name>tech_skin</material_name>
				<diffuse>hardcoded/xu_escudo_d</diffuse>
				<normalmap>hardcoded/xu_escudo_n</normalmap>
			</mat>
			<aabb>-0.581745 -0.00498399 0.507839 0.409982 1.52444 -0.800522</aabb>
		</model>
		<physics shape='CHARACTER' static='false' kinematic='false'/>
		<ai type='gatekeeper' />
		<gatekeep_points>
			<gk_pos pos_x="9.49909" pos_y="3.18864" pos_z="-0.145368" />
			<lookAt pos_x="9.03838" pos_y="3.18864" pos_z="-1.5053" />
		</gatekeep_points>
		<talk_to enemy="txu_g001"/>
	</obj>
	<obj>
		<name>txu_g004</name>
		<type>ENEMY</type>
		<transform>1 0 0 0 1 0 0 0 1 46.744 7.77845 12.8364</transform>
		<model>
			<character>xu_shield</character>
		<visible>true</visible>
			<mat>
				<material_name>tech_skin</material_name>
				<diffuse>hardcoded/xu_escudo_d</diffuse>
				<normalmap>hardcoded/xu_escudo_n</normalmap>
			</mat>
			<aabb>-0.581745 -0.00498399 0.507839 0.409982 1.52444 -0.800522</aabb>
		</model>
		<physics shape='CHARACTER' static='false' kinematic='false'/>
		<ai type='gatekeeper' />
		<gatekeep_points>
			<gk_pos pos_x="46.744" pos_y="7.77845" pos_z="12.8364" />
			<lookAt pos_x="46.4318" pos_y="7.77845" pos_z="14.2379" />
		</gatekeep_points>
	</obj>
	<obj>
		<name>txu_g003</name>
		<type>ENEMY</type>
		<transform>1 0 0 0 1 0 0 0 1 50.2852 7.77845 1.08841</transform>
		<model>
			<character>xu_farolillo</character>
		<visible>true</visible>
			<mat>
				<material_name>tech_skin</material_name>
				<diffuse>hardcoded/xu_farolillo_d</diffuse>
				<emissive>hardcoded/xu_farolillo_i</emissive>
				<normalmap>hardcoded/xu_farolillo_n</normalmap>
			</mat>
			<aabb>-0.581745 -0.00498399 0.507839 0.409982 1.52444 -0.800522</aabb>
		</model>
		<physics shape='CHARACTER' static='false' kinematic='false'/>
		<ai type='gatekeeper' />
		<gatekeep_points>
			<gk_pos pos_x="50.2852" pos_y="7.77845" pos_z="1.08841" />
			<lookAt pos_x="50.4741" pos_y="7.77845" pos_z="-0.334962" />
		</gatekeep_points>
	</obj>
	<obj>
		<name>txu_g002</name>
		<type>ENEMY</type>
		<transform>1 0 0 0 1 0 0 0 1 22.8374 3.92598 -22.0298</transform>
		<model>
			<character>xu</character>
		<visible>true</visible>
			<mat>
				<material_name>tech_skin</material_name>
				<diffuse>hardcoded/xu_d</diffuse>
				<normalmap>hardcoded/xu_n</normalmap>
			</mat>
			<aabb>-0.581745 -0.00498399 0.507839 0.409982 1.52444 -0.800522</aabb>
		</model>
		<physics shape='CHARACTER' static='false' kinematic='false'/>
		<ai type='gatekeeper' />
		<gatekeep_points>
			<gk_pos pos_x="22.8374" pos_y="3.92598" pos_z="-22.0298" />
			<lookAt pos_x="21.4293" pos_y="3.92598" pos_z="-22.3107" />
		</gatekeep_points>
	</obj>
	<obj>
		<name>txu_g001</name>
		<type>ENEMY</type>
		<transform>1 0 0 0 1 0 0 0 1 9.55616 3.18864 -2.39054</transform>
		<model>
			<character>xu</character>
		<visible>true</visible>
			<mat>
				<material_name>tech_skin</material_name>
				<diffuse>hardcoded/xu_d</diffuse>
				<normalmap>hardcoded/xu_n</normalmap>
			</mat>
			<aabb>-0.581745 -0.00498399 0.507839 0.409982 1.52444 -0.800522</aabb>
		</model>
		<physics shape='CHARACTER' static='false' kinematic='false'/>
		<ai type='gatekeeper' />
		<gatekeep_points>
			<gk_pos pos_x="9.55616" pos_y="3.18864" pos_z="-2.39054" />
			<lookAt pos_x="8.51835" pos_y="3.18864" pos_z="-1.39826" />
		</gatekeep_points>
		<talk_to enemy="txu_g005"/>
	</obj>
	<obj>
		<name>Omni264</name>
		<type>LIGHT</type>
		<transform>0.996195 0.0 0.087156 0.0 1.0 0.0 -0.087156 0.0 0.996195 41.6884 4.83236 8.1591</transform>
		<light>
			<light_type>POINT</light_type>
			<light_color>(color 255 164 98)</light_color>
			<light_radius>3.0</light_radius>
		</light>
	</obj>
	<obj>
		<name>Omni263</name>
		<type>LIGHT</type>
		<transform>0.996195 0.0 0.087156 0.0 1.0 0.0 -0.087156 0.0 0.996195 43.1206 4.83236 3.30385</transform>
		<light>
			<light_type>POINT</light_type>
			<light_color>(color 255 164 98)</light_color>
			<light_radius>3.0</light_radius>
		</light>
	</obj>
	<obj>
		<name>Omni262</name>
		<type>LIGHT</type>
		<transform>0.996195 0.0 0.087156 0.0 1.0 0.0 -0.087156 0.0 0.996195 45.3565 4.83236 9.17592</transform>
		<light>
			<light_type>POINT</light_type>
			<light_color>(color 255 164 98)</light_color>
			<light_radius>3.0</light_radius>
		</light>
	</obj>
	<obj>
		<name>Omni261</name>
		<type>LIGHT</type>
		<transform>0.996195 0.0 0.087156 0.0 1.0 0.0 -0.087156 0.0 0.996195 46.7887 4.83236 4.32067</transform>
		<light>
			<light_type>POINT</light_type>
			<light_color>(color 255 164 98)</light_color>
			<light_radius>3.0</light_radius>
		</light>
	</obj>
	<obj>
		<name>Omni260</name>
		<type>LIGHT</type>
		<transform>0.996195 0.0 0.087156 0.0 1.0 0.0 -0.087156 0.0 0.996195 49.8359 4.83236 10.3447</transform>
		<light>
			<light_type>POINT</light_type>
			<light_color>(color 255 164 98)</light_color>
			<light_radius>3.0</light_radius>
		</light>
	</obj>
	<obj>
		<name>Omni259</name>
		<type>LIGHT</type>
		<transform>0.996195 0.0 0.087156 0.0 1.0 0.0 -0.087156 0.0 0.996195 51.2681 4.83236 5.48944</transform>
		<light>
			<light_type>POINT</light_type>
			<light_color>(color 255 164 98)</light_color>
			<light_radius>3.0</light_radius>
		</light>
	</obj>
	<obj>
		<name>Omni147</name>
		<type>LIGHT</type>
		<transform>0.984808 0.0 0.173648 0.0 1.0 0.0 -0.173648 0.0 0.984808 38.248 3.09129 -5.08839</transform>
		<light>
			<light_type>POINT</light_type>
			<light_color>(color 255 164 98)</light_color>
			<light_radius>3.0</light_radius>
		</light>
	</obj>
	<obj>
		<name>Omni146</name>
		<type>LIGHT</type>
		<transform>0.0871559 0.0 -0.996195 0.0 1.0 0.0 0.996195 0.0 0.0871559 42.6605 5.2992 32.3004</transform>
		<light>
			<light_type>POINT</light_type>
			<light_color>(color 255 164 98)</light_color>
			<light_radius>3.0</light_radius>
		</light>
	</obj>
	<obj>
		<name>Omni145</name>
		<type>LIGHT</type>
		<transform>0.0871559 0.0 -0.996195 0.0 1.0 0.0 0.996195 0.0 0.0871559 44.0086 5.2992 27.3902</transform>
		<light>
			<light_type>POINT</light_type>
			<light_color>(color 255 164 98)</light_color>
			<light_radius>3.0</light_radius>
		</light>
	</obj>
	<obj>
		<name>Omni144</name>
		<type>LIGHT</type>
		<transform>0.0871559 0.0 -0.996195 0.0 1.0 0.0 0.996195 0.0 0.0871559 49.6617 5.20587 -17.4348</transform>
		<light>
			<light_type>POINT</light_type>
			<light_color>(color 255 164 98)</light_color>
			<light_radius>3.0</light_radius>
		</light>
	</obj>
	<obj>
		<name>Omni143</name>
		<type>LIGHT</type>
		<transform>0.0871559 0.0 -0.996195 0.0 1.0 0.0 0.996195 0.0 0.0871559 48.2804 5.33982 -12.5484</transform>
		<light>
			<light_type>POINT</light_type>
			<light_color>(color 255 164 98)</light_color>
			<light_radius>3.0</light_radius>
		</light>
	</obj>
	<obj>
		<name>Omni142</name>
		<type>LIGHT</type>
		<transform>0.996195 0.0 0.087156 0.0 1.0 0.0 -0.087156 0.0 0.996195 4.45964 3.22089 3.9342</transform>
		<light>
			<light_type>POINT</light_type>
			<light_color>(color 255 164 98)</light_color>
			<light_radius>3.0</light_radius>
		</light>
	</obj>
	<obj>
		<name>Omni141</name>
		<type>LIGHT</type>
		<transform>0.996195 0.0 0.087156 0.0 1.0 0.0 -0.087156 0.0 0.996195 57.2324 5.03598 -9.75562</transform>
		<light>
			<light_type>POINT</light_type>
			<light_color>(color 255 164 98)</light_color>
			<light_radius>3.0</light_radius>
		</light>
	</obj>
	<obj>
		<name>Omni140</name>
		<type>LIGHT</type>
		<transform>0.996195 0.0 0.087156 0.0 1.0 0.0 -0.087156 0.0 0.996195 55.7713 5.03598 -4.90881</transform>
		<light>
			<light_type>POINT</light_type>
			<light_color>(color 255 164 98)</light_color>
			<light_radius>3.0</light_radius>
		</light>
	</obj>
	<obj>
		<name>Omni136</name>
		<type>LIGHT</type>
		<transform>0.996195 0.0 0.087156 0.0 1.0 0.0 -0.087156 0.0 0.996195 52.3052 5.03598 24.2697</transform>
		<light>
			<light_type>POINT</light_type>
			<light_color>(color 255 164 98)</light_color>
			<light_radius>3.0</light_radius>
		</light>
	</obj>
	<obj>
		<name>Omni135</name>
		<type>LIGHT</type>
		<transform>0.996195 0.0 0.087156 0.0 1.0 0.0 -0.087156 0.0 0.996195 4.63356 3.39205 -21.9358</transform>
		<light>
			<light_type>POINT</light_type>
			<light_color>(color 255 164 98)</light_color>
			<light_radius>3.0</light_radius>
		</light>
	</obj>
	<obj>
		<name>Omni134</name>
		<type>LIGHT</type>
		<transform>0.996195 0.0 0.087156 0.0 1.0 0.0 -0.087156 0.0 0.996195 -25.7425 3.21058 11.964</transform>
		<light>
			<light_type>POINT</light_type>
			<light_color>(color 255 164 98)</light_color>
			<light_radius>3.0</light_radius>
		</light>
	</obj>
	<obj>
		<name>Omni133</name>
		<type>LIGHT</type>
		<transform>0.996195 0.0 0.087156 0.0 1.0 0.0 -0.087156 0.0 0.996195 -14.1745 3.21058 -33.2589</transform>
		<light>
			<light_type>POINT</light_type>
			<light_color>(color 255 164 98)</light_color>
			<light_radius>3.0</light_radius>
		</light>
	</obj>
	<obj>
		<name>Omni132</name>
		<type>LIGHT</type>
		<transform>0.996195 0.0 0.087156 0.0 1.0 0.0 -0.087156 0.0 0.996195 36.6305 4.85066 -19.5758</transform>
		<light>
			<light_type>POINT</light_type>
			<light_color>(color 255 164 98)</light_color>
			<light_radius>3.0</light_radius>
		</light>
	</obj>
	<obj>
		<name>Omni131</name>
		<type>LIGHT</type>
		<transform>0.996195 0.0 0.087156 0.0 1.0 0.0 -0.087156 0.0 0.996195 35.9867 4.85066 -17.0012</transform>
		<light>
			<light_type>POINT</light_type>
			<light_color>(color 255 164 98)</light_color>
			<light_radius>3.0</light_radius>
		</light>
	</obj>
	<obj>
		<name>Omni130</name>
		<type>LIGHT</type>
		<transform>0.996195 0.0 0.087156 0.0 1.0 0.0 -0.087156 0.0 0.996195 24.3884 4.85066 -20.0746</transform>
		<light>
			<light_type>POINT</light_type>
			<light_color>(color 255 164 98)</light_color>
			<light_radius>3.0</light_radius>
		</light>
	</obj>
	<obj>
		<name>Omni129</name>
		<type>LIGHT</type>
		<transform>0.996195 0.0 0.087156 0.0 1.0 0.0 -0.087156 0.0 0.996195 25.0322 4.85066 -22.6491</transform>
		<light>
			<light_type>POINT</light_type>
			<light_color>(color 255 164 98)</light_color>
			<light_radius>3.0</light_radius>
		</light>
	</obj>
	<obj>
		<name>Omni128</name>
		<type>LIGHT</type>
		<transform>0.996195 0.0 0.087156 0.0 1.0 0.0 -0.087156 0.0 0.996195 26.8056 4.49607 -17.6949</transform>
		<light>
			<light_type>POINT</light_type>
			<light_color>(color 255 164 98)</light_color>
			<light_radius>3.0</light_radius>
		</light>
	</obj>
	<obj>
		<name>Omni126</name>
		<type>LIGHT</type>
		<transform>0.996195 0.0 0.087156 0.0 1.0 0.0 -0.087156 0.0 0.996195 33.429 4.52664 -15.9027</transform>
		<light>
			<light_type>POINT</light_type>
			<light_color>(color 255 164 98)</light_color>
			<light_radius>3.0</light_radius>
		</light>
	</obj>
	<obj>
		<name>Omni125</name>
		<type>LIGHT</type>
		<transform>0.996195 0.0 0.087156 0.0 1.0 0.0 -0.087156 0.0 0.996195 34.9723 4.52664 -21.8644</transform>
		<light>
			<light_type>POINT</light_type>
			<light_color>(color 255 164 98)</light_color>
			<light_radius>3.0</light_radius>
		</light>
	</obj>
	<obj>
		<name>Omni124</name>
		<type>LIGHT</type>
		<transform>0.996195 0.0 0.087156 0.0 1.0 0.0 -0.087156 0.0 0.996195 31.6614 4.52664 -22.7157</transform>
		<light>
			<light_type>POINT</light_type>
			<light_color>(color 255 164 98)</light_color>
			<light_radius>3.0</light_radius>
		</light>
	</obj>
	<obj>
		<name>Omni123</name>
		<type>LIGHT</type>
		<transform>0.996195 0.0 0.087156 0.0 1.0 0.0 -0.087156 0.0 0.996195 28.349 4.49607 -23.6566</transform>
		<light>
			<light_type>POINT</light_type>
			<light_color>(color 255 164 98)</light_color>
			<light_radius>3.0</light_radius>
		</light>
	</obj>
	<obj>
		<name>Omni122</name>
		<type>LIGHT</type>
		<transform>0.996195 0.0 0.087156 0.0 1.0 0.0 -0.087156 0.0 0.996195 30.8875 3.22089 -12.9459</transform>
		<light>
			<light_type>POINT</light_type>
			<light_color>(color 255 164 98)</light_color>
			<light_radius>3.0</light_radius>
		</light>
	</obj>
	<obj>
		<name>Omni121</name>
		<type>LIGHT</type>
		<transform>0.996195 0.0 0.087156 0.0 1.0 0.0 -0.087156 0.0 0.996195 27.0791 3.22089 -13.949</transform>
		<light>
			<light_type>POINT</light_type>
			<light_color>(color 255 164 98)</light_color>
			<light_radius>3.0</light_radius>
		</light>
	</obj>
	<obj>
		<name>Omni118</name>
		<type>LIGHT</type>
		<transform>0.996195 0.0 0.087156 0.0 1.0 0.0 -0.087156 0.0 0.996195 41.6349 9.0241 12.7527</transform>
		<light>
			<light_type>POINT</light_type>
			<light_color>(color 255 164 98)</light_color>
			<light_radius>3.0</light_radius>
		</light>
	</obj>
	<obj>
		<name>Omni117</name>
		<type>LIGHT</type>
		<transform>0.996195 0.0 0.087156 0.0 1.0 0.0 -0.087156 0.0 0.996195 45.124 9.0241 -0.939415</transform>
		<light>
			<light_type>POINT</light_type>
			<light_color>(color 255 164 98)</light_color>
			<light_radius>3.0</light_radius>
		</light>
	</obj>
	<obj>
		<name>Omni116</name>
		<type>LIGHT</type>
		<transform>0.996195 0.0 0.087156 0.0 1.0 0.0 -0.087156 0.0 0.996195 49.8643 9.0241 14.999</transform>
		<light>
			<light_type>POINT</light_type>
			<light_color>(color 255 164 98)</light_color>
			<light_radius>3.0</light_radius>
		</light>
	</obj>
	<obj>
		<name>Omni115</name>
		<type>LIGHT</type>
		<transform>0.996195 0.0 0.087156 0.0 1.0 0.0 -0.087156 0.0 0.996195 53.6325 9.0241 1.36937</transform>
		<light>
			<light_type>POINT</light_type>
			<light_color>(color 255 164 98)</light_color>
			<light_radius>3.0</light_radius>
		</light>
	</obj>
	<obj>
		<name>Omni114</name>
		<type>LIGHT</type>
		<transform>0.996195 0.0 0.087156 0.0 1.0 0.0 -0.087156 0.0 0.996195 53.6325 15.1941 1.36937</transform>
		<light>
			<light_type>POINT</light_type>
			<light_color>(color 255 164 98)</light_color>
			<light_radius>3.0</light_radius>
		</light>
	</obj>
	<obj>
		<name>Omni113</name>
		<type>LIGHT</type>
		<transform>0.996195 0.0 0.087156 0.0 1.0 0.0 -0.087156 0.0 0.996195 49.8643 15.1941 15.014</transform>
		<light>
			<light_type>POINT</light_type>
			<light_color>(color 255 164 98)</light_color>
			<light_radius>3.0</light_radius>
		</light>
	</obj>
	<obj>
		<name>Omni112</name>
		<type>LIGHT</type>
		<transform>0.996195 0.0 0.087156 0.0 1.0 0.0 -0.087156 0.0 0.996195 63.9395 14.6925 14.1592</transform>
		<light>
			<light_type>POINT</light_type>
			<light_color>(color 255 164 98)</light_color>
			<light_radius>3.0</light_radius>
		</light>
	</obj>
	<obj>
		<name>Omni111</name>
		<type>LIGHT</type>
		<transform>0.996195 0.0 0.087156 0.0 1.0 0.0 -0.087156 0.0 0.996195 65.0579 14.6925 9.2747</transform>
		<light>
			<light_type>POINT</light_type>
			<light_color>(color 255 164 98)</light_color>
			<light_radius>3.0</light_radius>
		</light>
	</obj>
	<obj>
		<name>Omni110</name>
		<type>LIGHT</type>
		<transform>0.996195 0.0 0.087156 0.0 1.0 0.0 -0.087156 0.0 0.996195 65.6281 8.63023 9.32458</transform>
		<light>
			<light_type>POINT</light_type>
			<light_color>(color 255 164 98)</light_color>
			<light_radius>3.0</light_radius>
		</light>
	</obj>
	<obj>
		<name>Omni109</name>
		<type>LIGHT</type>
		<transform>0.996195 0.0 0.087156 0.0 1.0 0.0 -0.087156 0.0 0.996195 64.4915 8.63023 14.4172</transform>
		<light>
			<light_type>POINT</light_type>
			<light_color>(color 255 164 98)</light_color>
			<light_radius>3.0</light_radius>
		</light>
	</obj>
	<obj>
		<name>Omni108</name>
		<type>LIGHT</type>
		<transform>0.996195 0.0 0.087156 0.0 1.0 0.0 -0.087156 0.0 0.996195 53.9369 4.83236 11.4224</transform>
		<light>
			<light_type>POINT</light_type>
			<light_color>(color 255 164 98)</light_color>
			<light_radius>3.0</light_radius>
		</light>
	</obj>
	<obj>
		<name>Omni107</name>
		<type>LIGHT</type>
		<transform>0.996195 0.0 0.087156 0.0 1.0 0.0 -0.087156 0.0 0.996195 55.3691 4.83236 6.56715</transform>
		<light>
			<light_type>POINT</light_type>
			<light_color>(color 255 164 98)</light_color>
			<light_radius>3.0</light_radius>
		</light>
	</obj>
	<obj>
		<name>Omni097</name>
		<type>LIGHT</type>
		<transform>0.996195 0.0 0.087156 0.0 1.0 0.0 -0.087156 0.0 0.996195 24.3253 3.22089 -4.75033</transform>
		<light>
			<light_type>POINT</light_type>
			<light_color>(color 255 164 98)</light_color>
			<light_radius>3.0</light_radius>
		</light>
	</obj>
	<obj>
		<name>Omni095</name>
		<type>LIGHT</type>
		<transform>0.996195 0.0 0.087156 0.0 1.0 0.0 -0.087156 0.0 0.996195 24.7687 3.22089 -0.39187</transform>
		<light>
			<light_type>POINT</light_type>
			<light_color>(color 255 164 98)</light_color>
			<light_radius>3.0</light_radius>
		</light>
	</obj>
	<obj>
		<name>Omni094</name>
		<type>LIGHT</type>
		<transform>0.996195 0.0 0.087156 0.0 1.0 0.0 -0.087156 0.0 0.996195 11.3738 3.22089 0.660129</transform>
		<light>
			<light_type>POINT</light_type>
			<light_color>(color 255 164 98)</light_color>
			<light_radius>3.0</light_radius>
		</light>
	</obj>
	<obj>
		<name>Omni091</name>
		<type>LIGHT</type>
		<transform>0.996195 0.0 0.087156 0.0 1.0 0.0 -0.087156 0.0 0.996195 10.9304 3.22089 -3.69833</transform>
		<light>
			<light_type>POINT</light_type>
			<light_color>(color 255 164 98)</light_color>
			<light_radius>3.0</light_radius>
		</light>
	</obj>
	<obj>
		<name>Omni090</name>
		<type>LIGHT</type>
		<transform>0.996195 0.0 0.087156 0.0 1.0 0.0 -0.087156 0.0 0.996195 8.79479 5.3282 -14.948</transform>
		<light>
			<light_type>POINT</light_type>
			<light_color>(color 255 164 98)</light_color>
			<light_radius>3.0</light_radius>
		</light>
	</obj>
	<obj>
		<name>Omni089</name>
		<type>LIGHT</type>
		<transform>0.996195 0.0 0.087156 0.0 1.0 0.0 -0.087156 0.0 0.996195 36.0451 5.40874 27.9871</transform>
		<light>
			<light_type>POINT</light_type>
			<light_color>(color 255 164 98)</light_color>
			<light_radius>3.0</light_radius>
		</light>
	</obj>
	<obj>
		<name>Omni088</name>
		<type>LIGHT</type>
		<transform>0.996195 0.0 0.087156 0.0 1.0 0.0 -0.087156 0.0 0.996195 25.4326 4.98157 25.1191</transform>
		<light>
			<light_type>POINT</light_type>
			<light_color>(color 255 164 98)</light_color>
			<light_radius>3.0</light_radius>
		</light>
	</obj>
	<obj>
		<name>Omni087</name>
		<type>LIGHT</type>
		<transform>0.996195 0.0 0.087156 0.0 1.0 0.0 -0.087156 0.0 0.996195 16.2975 4.98157 22.6055</transform>
		<light>
			<light_type>POINT</light_type>
			<light_color>(color 255 164 98)</light_color>
			<light_radius>3.0</light_radius>
		</light>
	</obj>
	<obj>
		<name>Omni086</name>
		<type>LIGHT</type>
		<transform>0.996195 0.0 0.087156 0.0 1.0 0.0 -0.087156 0.0 0.996195 5.62501 4.52557 19.8397</transform>
		<light>
			<light_type>POINT</light_type>
			<light_color>(color 255 164 98)</light_color>
			<light_radius>3.0</light_radius>
		</light>
	</obj>
	<obj>
		<name>Omni085</name>
		<type>LIGHT</type>
		<transform>0.996195 0.0 0.087156 0.0 1.0 0.0 -0.087156 0.0 0.996195 -3.76552 4.52557 17.3302</transform>
		<light>
			<light_type>POINT</light_type>
			<light_color>(color 255 164 98)</light_color>
			<light_radius>3.0</light_radius>
		</light>
	</obj>
	<obj>
		<name>Omni084</name>
		<type>LIGHT</type>
		<transform>0.996195 0.0 0.087156 0.0 1.0 0.0 -0.087156 0.0 0.996195 -8.69985 4.52557 11.2233</transform>
		<light>
			<light_type>POINT</light_type>
			<light_color>(color 255 164 98)</light_color>
			<light_radius>3.0</light_radius>
		</light>
	</obj>
	<obj>
		<name>Omni082</name>
		<type>LIGHT</type>
		<transform>0.996195 0.0 0.087156 0.0 1.0 0.0 -0.087156 0.0 0.996195 17.1999 4.52557 -23.4204</transform>
		<light>
			<light_type>POINT</light_type>
			<light_color>(color 255 164 98)</light_color>
			<light_radius>3.0</light_radius>
		</light>
	</obj>
	<obj>
		<name>Omni081</name>
		<type>LIGHT</type>
		<transform>0.996195 0.0 0.087156 0.0 1.0 0.0 -0.087156 0.0 0.996195 7.5315 4.52557 -25.9598</transform>
		<light>
			<light_type>POINT</light_type>
			<light_color>(color 255 164 98)</light_color>
			<light_radius>3.0</light_radius>
		</light>
	</obj>
	<obj>
		<name>Omni080</name>
		<type>LIGHT</type>
		<transform>0.996195 0.0 0.087156 0.0 1.0 0.0 -0.087156 0.0 0.996195 0.453109 4.52557 -22.3406</transform>
		<light>
			<light_type>POINT</light_type>
			<light_color>(color 255 164 98)</light_color>
			<light_radius>3.0</light_radius>
		</light>
	</obj>
	<obj>
		<name>Omni075</name>
		<type>LIGHT</type>
		<transform>0.996195 0.0 0.087156 0.0 1.0 0.0 -0.087156 0.0 0.996195 -9.03759 3.85958 -10.5366</transform>
		<light>
			<light_type>POINT</light_type>
			<light_color>(color 255 164 98)</light_color>
			<light_radius>3.0</light_radius>
		</light>
	</obj>
	<obj>
		<name>Omni074</name>
		<type>LIGHT</type>
		<transform>0.996195 0.0 0.087156 0.0 1.0 0.0 -0.087156 0.0 0.996195 -10.5238 3.73522 -5.28565</transform>
		<light>
			<light_type>POINT</light_type>
			<light_color>(color 255 164 98)</light_color>
			<light_radius>3.0</light_radius>
		</light>
	</obj>
	<obj>
		<name>Omni073</name>
		<type>LIGHT</type>
		<transform>0.996195 0.0 0.087156 0.0 1.0 0.0 -0.087156 0.0 0.996195 -3.09021 3.58446 -32.5609</transform>
		<light>
			<light_type>POINT</light_type>
			<light_color>(color 255 164 98)</light_color>
			<light_radius>3.0</light_radius>
		</light>
	</obj>
	<obj>
		<name>Omni072</name>
		<type>LIGHT</type>
		<transform>0.996195 0.0 0.087156 0.0 1.0 0.0 -0.087156 0.0 0.996195 -5.33413 3.58446 -33.121</transform>
		<light>
			<light_type>POINT</light_type>
			<light_color>(color 255 164 98)</light_color>
			<light_radius>3.0</light_radius>
		</light>
	</obj>
	<obj>
		<name>Omni071</name>
		<type>LIGHT</type>
		<transform>0.996195 0.0 0.087156 0.0 1.0 0.0 -0.087156 0.0 0.996195 -18.6084 3.58446 16.509</transform>
		<light>
			<light_type>POINT</light_type>
			<light_color>(color 255 164 98)</light_color>
			<light_radius>3.0</light_radius>
		</light>
	</obj>
	<obj>
		<name>Omni070</name>
		<type>LIGHT</type>
		<transform>0.996195 0.0 0.087156 0.0 1.0 0.0 -0.087156 0.0 0.996195 -16.4477 3.58446 17.1305</transform>
		<light>
			<light_type>POINT</light_type>
			<light_color>(color 255 164 98)</light_color>
			<light_radius>3.0</light_radius>
		</light>
	</obj>
	<obj>
		<name>Omni061</name>
		<type>LIGHT</type>
		<transform>0.996195 0.0 0.087156 0.0 1.0 0.0 -0.087156 0.0 0.996195 -18.3209 3.54962 -7.35042</transform>
		<light>
			<light_type>POINT</light_type>
			<light_color>(color 255 164 98)</light_color>
			<light_radius>3.0</light_radius>
		</light>
	</obj>
	<obj>
		<name>Omni060</name>
		<type>LIGHT</type>
		<transform>0.996195 0.0 0.087156 0.0 1.0 0.0 -0.087156 0.0 0.996195 -16.8347 3.67398 -12.6014</transform>
		<light>
			<light_type>POINT</light_type>
			<light_color>(color 255 164 98)</light_color>
			<light_radius>3.0</light_radius>
		</light>
	</obj>
	<obj>
		<name>Omni059</name>
		<type>LIGHT</type>
		<transform>0.996195 0.0 0.087156 0.0 1.0 0.0 -0.087156 0.0 0.996195 -20.6053 1.68898 -36.7895</transform>
		<light>
			<light_type>POINT</light_type>
			<light_color>(color 255 164 98)</light_color>
			<light_radius>3.0</light_radius>
		</light>
	</obj>
	<obj>
		<name>Omni058</name>
		<type>LIGHT</type>
		<transform>0.996195 0.0 0.087156 0.0 1.0 0.0 -0.087156 0.0 0.996195 -23.1402 2.01252 -28.7613</transform>
		<light>
			<light_type>POINT</light_type>
			<light_color>(color 255 164 98)</light_color>
			<light_radius>3.0</light_radius>
		</light>
	</obj>
	<obj>
		<name>Omni057</name>
		<type>LIGHT</type>
		<transform>0.996195 0.0 0.087156 0.0 1.0 0.0 -0.087156 0.0 0.996195 -33.9069 1.81258 12.0414</transform>
		<light>
			<light_type>POINT</light_type>
			<light_color>(color 255 164 98)</light_color>
			<light_radius>3.0</light_radius>
		</light>
	</obj>
	<obj>
		<name>Omni056</name>
		<type>LIGHT</type>
		<transform>0.996195 0.0 0.087156 0.0 1.0 0.0 -0.087156 0.0 0.996195 -31.4442 1.81258 2.28007</transform>
		<light>
			<light_type>POINT</light_type>
			<light_color>(color 255 164 98)</light_color>
			<light_radius>3.0</light_radius>
		</light>
	</obj>
	<obj>
		<name>Omni055</name>
		<type>LIGHT</type>
		<transform>0.996195 0.0 0.087156 0.0 1.0 0.0 -0.087156 0.0 0.996195 -25.3803 2.01252 -18.8664</transform>
		<light>
			<light_type>POINT</light_type>
			<light_color>(color 255 164 98)</light_color>
			<light_radius>3.0</light_radius>
		</light>
	</obj>
	<obj>
		<name>Omni054</name>
		<type>LIGHT</type>
		<transform>0.996195 0.0 0.087156 0.0 1.0 0.0 -0.087156 0.0 0.996195 -29.103 1.81258 -5.75612</transform>
		<light>
			<light_type>POINT</light_type>
			<light_color>(color 255 164 98)</light_color>
			<light_radius>3.0</light_radius>
		</light>
	</obj>
	<obj>
		<name>Omni053</name>
		<type>LIGHT</type>
		<transform>0.996195 0.0 0.087156 0.0 1.0 0.0 -0.087156 0.0 0.996195 -24.8439 1.9191 -8.92829</transform>
		<light>
			<light_type>POINT</light_type>
			<light_color>(color 255 164 98)</light_color>
			<light_radius>3.0</light_radius>
		</light>
	</obj>
	<obj>
		<name>Omni052</name>
		<type>LIGHT</type>
		<transform>0.996195 0.0 0.087156 0.0 1.0 0.0 -0.087156 0.0 0.996195 -23.3644 1.84824 -14.2902</transform>
		<light>
			<light_type>POINT</light_type>
			<light_color>(color 255 164 98)</light_color>
			<light_radius>3.0</light_radius>
		</light>
	</obj>
	<obj>
		<name>farolillo055</name>
		<type>ANIMATED</type>
		<transform>-0.965926 0.0 -0.258819 0.0 1.0 0.0 0.258819 0.0 -0.965926 -16.0151 12.5909 -21.6796</transform>
		<model>
			<visible>true</visible>
			<character>animesh_farolillos_1</character>
			<mat>
				<material_name>tech_skin</material_name>
				<diffuse>hardcoded/farol_d_animesh1</diffuse>
				<emissive>hardcoded/farol_d_animesh1</emissive>
			</mat>
			<aabb>-0.581745 -0.00498399 0.507839 0.409982 1.52444 -0.800522</aabb>
		</model>
	</obj>
	<obj>
		<name>farolillo054</name>
		<type>ANIMATED</type>
		<transform>-0.258819 0.0 0.965926 0.0 1.0 0.0 -0.965926 0.0 -0.258819 -11.818 12.5908 -24.4463</transform>
		<model>
			<visible>true</visible>
			<character>animesh_farolillos_1</character>
			<mat>
				<material_name>tech_skin</material_name>
				<diffuse>hardcoded/farol_d_animesh1</diffuse>
				<emissive>hardcoded/farol_d_animesh1</emissive>
			</mat>
			<aabb>-0.581745 -0.00498399 0.507839 0.409982 1.52444 -0.800522</aabb>
		</model>
	</obj>
	<obj>
		<name>farolillo053</name>
		<type>ANIMATED</type>
		<transform>-0.258819 0.0 0.965926 0.0 1.0 0.0 -0.965926 0.0 -0.258819 -10.5038 4.5917 -24.0883</transform>
		<model>
			<visible>true</visible>
			<character>animesh_farolillos_1</character>
			<mat>
				<material_name>tech_skin</material_name>
				<diffuse>hardcoded/farol_d_animesh1</diffuse>
				<emissive>hardcoded/farol_d_animesh1</emissive>
			</mat>
			<aabb>-0.581745 -0.00498399 0.507839 0.409982 1.52444 -0.800522</aabb>
		</model>
	</obj>
	<obj>
		<name>farolillo052</name>
		<type>ANIMATED</type>
		<transform>-0.258819 0.0 0.965926 0.0 1.0 0.0 -0.965926 0.0 -0.258819 -11.1102 8.56854 -24.2316</transform>
		<model>
			<visible>true</visible>
			<character>animesh_farolillos_1</character>
			<mat>
				<material_name>tech_skin</material_name>
				<diffuse>hardcoded/farol_d_animesh1</diffuse>
				<emissive>hardcoded/farol_d_animesh1</emissive>
			</mat>
			<aabb>-0.581745 -0.00498399 0.507839 0.409982 1.52444 -0.800522</aabb>
		</model>
	</obj>
	<obj>
		<name>farolillo051</name>
		<type>ANIMATED</type>
		<transform>-0.965926 0.0 -0.258819 0.0 1.0 0.0 0.258819 0.0 -0.965926 -16.2298 8.56854 -20.9718</transform>
		<model>
			<visible>true</visible>
			<character>animesh_farolillos_1</character>
			<mat>
				<material_name>tech_skin</material_name>
				<diffuse>hardcoded/farol_d_animesh1</diffuse>
				<emissive>hardcoded/farol_d_animesh1</emissive>
			</mat>
			<aabb>-0.581745 -0.00498399 0.507839 0.409982 1.52444 -0.800522</aabb>
		</model>
	</obj>
	<obj>
		<name>farolillo050</name>
		<type>ANIMATED</type>
		<transform>-0.965926 0.0 -0.258819 0.0 1.0 0.0 0.258819 0.0 -0.965926 -16.3731 4.5917 -20.3654</transform>
		<model>
			<visible>true</visible>
			<character>animesh_farolillos_1</character>
			<mat>
				<material_name>tech_skin</material_name>
				<diffuse>hardcoded/farol_d_animesh1</diffuse>
				<emissive>hardcoded/farol_d_animesh1</emissive>
			</mat>
			<aabb>-0.581745 -0.00498399 0.507839 0.409982 1.52444 -0.800522</aabb>
		</model>
	</obj>
	<obj>
		<name>farolillo049</name>
		<type>ANIMATED</type>
		<transform>0.258819 0.0 -0.965926 0.0 1.0 0.0 0.965926 0.0 0.258819 -18.4341 12.5908 -26.2516</transform>
		<model>
			<visible>true</visible>
			<character>animesh_farolillos_1</character>
			<mat>
				<material_name>tech_skin</material_name>
				<diffuse>hardcoded/farol_d_animesh1</diffuse>
				<emissive>hardcoded/farol_d_animesh1</emissive>
			</mat>
			<aabb>-0.581745 -0.00498399 0.507839 0.409982 1.52444 -0.800522</aabb>
		</model>
	</obj>
	<obj>
		<name>farolillo048</name>
		<type>ANIMATED</type>
		<transform>0.258819 0.0 -0.965926 0.0 1.0 0.0 0.965926 0.0 0.258819 -19.1419 8.56854 -26.4663</transform>
		<model>
			<visible>true</visible>
			<character>animesh_farolillos_1</character>
			<mat>
				<material_name>tech_skin</material_name>
				<diffuse>hardcoded/farol_d_animesh1</diffuse>
				<emissive>hardcoded/farol_d_animesh1</emissive>
			</mat>
			<aabb>-0.581745 -0.00498399 0.507839 0.409982 1.52444 -0.800522</aabb>
		</model>
	</obj>
	<obj>
		<name>farolillo047</name>
		<type>ANIMATED</type>
		<transform>0.258819 0.0 -0.965926 0.0 1.0 0.0 0.965926 0.0 0.258819 -19.7483 4.5917 -26.6096</transform>
		<model>
			<visible>true</visible>
			<character>animesh_farolillos_1</character>
			<mat>
				<material_name>tech_skin</material_name>
				<diffuse>hardcoded/farol_d_animesh1</diffuse>
				<emissive>hardcoded/farol_d_animesh1</emissive>
			</mat>
			<aabb>-0.581745 -0.00498399 0.507839 0.409982 1.52444 -0.800522</aabb>
		</model>
	</obj>
	<obj>
		<name>farolillo046</name>
		<type>ANIMATED</type>
		<transform>0.965926 0.0 0.258819 0.0 1.0 0.0 -0.258819 0.0 0.965926 -14.4361 12.5909 -28.3945</transform>
		<model>
			<visible>true</visible>
			<character>animesh_farolillos_1</character>
			<mat>
				<material_name>tech_skin</material_name>
				<diffuse>hardcoded/farol_d_animesh1</diffuse>
				<emissive>hardcoded/farol_d_animesh1</emissive>
			</mat>
			<aabb>-0.581745 -0.00498399 0.507839 0.409982 1.52444 -0.800522</aabb>
		</model>
	</obj>
	<obj>
		<name>farolillo045</name>
		<type>ANIMATED</type>
		<transform>0.965926 0.0 0.258819 0.0 1.0 0.0 -0.258819 0.0 0.965926 -14.2215 8.56854 -29.1023</transform>
		<model>
			<visible>true</visible>
			<character>animesh_farolillos_1</character>
			<mat>
				<material_name>tech_skin</material_name>
				<diffuse>hardcoded/farol_d_animesh1</diffuse>
				<emissive>hardcoded/farol_d_animesh1</emissive>
			</mat>
			<aabb>-0.581745 -0.00498399 0.507839 0.409982 1.52444 -0.800522</aabb>
		</model>
	</obj>
	<obj>
		<name>farolillo044</name>
		<type>ANIMATED</type>
		<transform>0.965926 0.0 0.258819 0.0 1.0 0.0 -0.258819 0.0 0.965926 -14.0781 4.5917 -29.7087</transform>
		<model>
			<visible>true</visible>
			<character>animesh_farolillos_1</character>
			<mat>
				<material_name>tech_skin</material_name>
				<diffuse>hardcoded/farol_d_animesh1</diffuse>
				<emissive>hardcoded/farol_d_animesh1</emissive>
			</mat>
			<aabb>-0.581745 -0.00498399 0.507839 0.409982 1.52444 -0.800522</aabb>
		</model>
	</obj>
	<obj>
		<name>farolillo043</name>
		<type>ANIMATED</type>
		<transform>-0.258819 0.0 0.965926 0.0 1.0 0.0 -0.965926 0.0 -0.258819 -20.2472 12.5909 4.99917</transform>
		<model>
			<visible>true</visible>
			<character>animesh_farolillos_1</character>
			<mat>
				<material_name>tech_skin</material_name>
				<diffuse>hardcoded/farol_d_animesh1</diffuse>
				<emissive>hardcoded/farol_d_animesh1</emissive>
			</mat>
			<aabb>-0.581745 -0.00498399 0.507839 0.409982 1.52444 -0.800522</aabb>
		</model>
	</obj>
	<obj>
		<name>farolillo042</name>
		<type>ANIMATED</type>
		<transform>-0.258819 0.0 0.965926 0.0 1.0 0.0 -0.965926 0.0 -0.258819 -19.5395 8.56854 5.21382</transform>
		<model>
			<visible>true</visible>
			<character>animesh_farolillos_1</character>
			<mat>
				<material_name>tech_skin</material_name>
				<diffuse>hardcoded/farol_d_animesh1</diffuse>
				<emissive>hardcoded/farol_d_animesh1</emissive>
			</mat>
			<aabb>-0.581745 -0.00498399 0.507839 0.409982 1.52444 -0.800522</aabb>
		</model>
	</obj>
	<obj>
		<name>farolillo041</name>
		<type>ANIMATED</type>
		<transform>-0.258819 0.0 0.965926 0.0 1.0 0.0 -0.965926 0.0 -0.258819 -18.9331 4.5917 5.35716</transform>
		<model>
			<visible>true</visible>
			<character>animesh_farolillos_1</character>
			<mat>
				<material_name>tech_skin</material_name>
				<diffuse>hardcoded/farol_d_animesh1</diffuse>
				<emissive>hardcoded/farol_d_animesh1</emissive>
			</mat>
			<aabb>-0.581745 -0.00498399 0.507839 0.409982 1.52444 -0.800522</aabb>
		</model>
	</obj>
	<obj>
		<name>farolillo040</name>
		<type>ANIMATED</type>
		<transform>-0.965926 0.0 -0.258819 0.0 1.0 0.0 0.258819 0.0 -0.965926 -23.7749 12.5909 7.02622</transform>
		<model>
			<visible>true</visible>
			<character>animesh_farolillos_1</character>
			<mat>
				<material_name>tech_skin</material_name>
				<diffuse>hardcoded/farol_d_animesh1</diffuse>
				<emissive>hardcoded/farol_d_animesh1</emissive>
			</mat>
			<aabb>-0.581745 -0.00498399 0.507839 0.409982 1.52444 -0.800522</aabb>
		</model>
	</obj>
	<obj>
		<name>farolillo039</name>
		<type>ANIMATED</type>
		<transform>-0.965926 0.0 -0.258819 0.0 1.0 0.0 0.258819 0.0 -0.965926 -23.9895 8.56854 7.73398</transform>
		<model>
			<visible>true</visible>
			<character>animesh_farolillos_1</character>
			<mat>
				<material_name>tech_skin</material_name>
				<diffuse>hardcoded/farol_d_animesh1</diffuse>
				<emissive>hardcoded/farol_d_animesh1</emissive>
			</mat>
			<aabb>-0.581745 -0.00498399 0.507839 0.409982 1.52444 -0.800522</aabb>
		</model>
	</obj>
	<obj>
		<name>farolillo038</name>
		<type>ANIMATED</type>
		<transform>-0.965926 0.0 -0.258819 0.0 1.0 0.0 0.258819 0.0 -0.965926 -24.1329 4.5917 8.34036</transform>
		<model>
			<visible>true</visible>
			<character>animesh_farolillos_1</character>
			<mat>
				<material_name>tech_skin</material_name>
				<diffuse>hardcoded/farol_d_animesh1</diffuse>
				<emissive>hardcoded/farol_d_animesh1</emissive>
			</mat>
			<aabb>-0.581745 -0.00498399 0.507839 0.409982 1.52444 -0.800522</aabb>
		</model>
	</obj>
	<obj>
		<name>farolillo037</name>
		<type>ANIMATED</type>
		<transform>0.258819 0.0 -0.965926 0.0 1.0 0.0 0.965926 0.0 0.258819 -26.688 12.5908 3.24084</transform>
		<model>
			<visible>true</visible>
			<character>animesh_farolillos_1</character>
			<mat>
				<material_name>tech_skin</material_name>
				<diffuse>hardcoded/farol_d_animesh1</diffuse>
				<emissive>hardcoded/farol_d_animesh1</emissive>
			</mat>
			<aabb>-0.581745 -0.00498399 0.507839 0.409982 1.52444 -0.800522</aabb>
		</model>
	</obj>
	<obj>
		<name>farolillo036</name>
		<type>ANIMATED</type>
		<transform>0.258819 0.0 -0.965926 0.0 1.0 0.0 0.965926 0.0 0.258819 -27.3958 8.56854 3.02619</transform>
		<model>
			<visible>true</visible>
			<character>animesh_farolillos_1</character>
			<mat>
				<material_name>tech_skin</material_name>
				<diffuse>hardcoded/farol_d_animesh1</diffuse>
				<emissive>hardcoded/farol_d_animesh1</emissive>
			</mat>
			<aabb>-0.581745 -0.00498399 0.507839 0.409982 1.52444 -0.800522</aabb>
		</model>
	</obj>
	<obj>
		<name>farolillo035</name>
		<type>ANIMATED</type>
		<transform>0.258819 0.0 -0.965926 0.0 1.0 0.0 0.965926 0.0 0.258819 -28.0022 4.5917 2.88285</transform>
		<model>
